"baseMean" "log2FoldChange" "lfcSE" "stat" "pvalue" "padj"
"TNFRSF18" 40.5060499312376 1.20484084548652 0.440562671648865 2.73477741765375 0.00624224702600954 0.0328926414551444
"SMIM1" 107.453444713662 1.01190494274915 0.361412053267933 2.79986495635487 0.00511239892795623 0.0278981824665209
"GPR153" 92.7048759698935 1.77127365647962 0.368662528830448 4.80459368110678 1.55066084401902e-06 2.87664897115491e-05
"ESPN" 287.11887163847 1.22272312712368 0.403306296216393 3.03174817401717 0.00243141956579636 0.0154155906366374
"TNFRSF25" 46.831059844107 1.60490255549174 0.428952808483902 3.74144316985389 0.000182966554665806 0.00184332673804026
"FBXO2" 994.70598480181 1.51391978353259 0.113790849059986 13.3044071297377 2.1821718753523e-40 1.32499797677642e-37
"TMEM51" 302.201244759023 1.17930157073642 0.190294657121243 6.19723952619986 5.74620215116254e-10 2.13951163585856e-08
"EFHD2" 1148.47806447267 1.36461911199156 0.271324330936012 5.02947563634969 4.91822987173197e-07 1.01495549000043e-05
"ACTL8" 41.3488044060427 -1.64372612855025 0.436288715167301 -3.76751923991419 0.000164877837180159 0.00168692573918547
"PLA2G5" 160.023331981858 -5.87769808419876 0.593329453023719 -9.90629751185433 3.90863131275058e-23 6.17055625343934e-21
"PLA2G2F" 15.3619337720937 3.04685913270869 0.771418883361515 3.94968181156232 7.82551511128901e-05 0.000892640224435836
"EXTL1" 80.1867697635639 1.32787455230985 0.324383720554964 4.09353018714407 4.24854734592815e-05 0.00053401128145038
"TRNP1" 476.888925182326 1.1193713727728 0.206059881624737 5.43226252459626 5.56439784873179e-08 1.37258045059264e-06
"COL16A1" 72.5737857112377 1.8125151512111 0.380992564222602 4.75735046144394 1.96150461109286e-06 3.54305186445344e-05
"AGO4" 2221.55909569457 1.18656305897925 0.0899750206373635 13.1876942130593 1.03296600690304e-39 6.03979050036232e-37
"ZC3H12A" 2356.24007730995 1.00425978778338 0.0991274376987906 10.1309971396107 4.02523456716274e-24 7.47604448374096e-22
"BEST4" 23.0300045452598 1.98743905688399 0.532767810967728 3.73040378185381 0.000191173142408933 0.00191015848051255
"PIK3R3" 6792.0791938151 1.10825176728142 0.0741804485255959 14.9399442751956 1.81126633448043e-50 2.19957397095712e-47
"AL358075.4" 3535.5690595521 1.04057334680535 0.0855998275105594 12.1562551826052 5.31393002630364e-34 1.95095379826176e-31
"TRABD2B" 64.6381265036703 1.03529939665505 0.310209391079001 3.33742119493535 0.000845596974191625 0.00655348032968246
"LDLRAD1" 20.8351717242422 1.61605230461839 0.624781044902515 2.58658984263927 0.00969308971597948 0.0466719846188995
"MROH7" 101.51650877738 1.24435142626587 0.305986443257604 4.06668809578034 4.76859982078257e-05 0.000590446159770152
"FYB2" 32.8423913846336 -1.40025826382744 0.474181807268542 -2.95299870716979 0.00314703281031923 0.0190499259879255
"ROR1" 582.470284949659 1.13444459033397 0.14217366814761 7.97928762136283 1.47180250458438e-15 1.18796539167567e-13
"ADGRL4" 18.3997992793496 -3.32341840094028 0.677155988949979 -4.90790667907064 9.20536345886176e-07 1.79258131251503e-05
"BRDT" 251.296899693612 -2.85806277500722 1.00703973089919 -2.83808343138084 0.00453853178157968 0.0254350213000867
"PALMD" 60.4683604086962 -1.35021043172379 0.499336144480722 -2.70401100871222 0.00685080194386356 0.035355871293813
"FRRS1" 309.64100619445 -1.08540898440562 0.33601429712312 -3.23024643206749 0.00123683561167914 0.00890375002351965
"NTNG1" 347.375632546258 -1.44063821571596 0.319486761635939 -4.50922663693213 6.50643727292777e-06 0.000102633350350225
"TBX15" 38.2951541958113 -1.8036033073907 0.51571785978984 -3.49726749452829 0.000470050251311261 0.00400901313746671
"HMGCS2" 1161.86656419385 2.06189458883303 0.303778921413095 6.78748406651019 1.14105856307543e-11 5.40957703761916e-10
"ANKRD35" 15.6627253709827 3.64615035313138 1.17639509890957 3.09942667774721 0.00193895563710014 0.0128944883295368
"ANXA9" 677.731856768376 1.11962395872985 0.231436702092226 4.83771134227314 1.31342698754271e-06 2.47730846503427e-05
"SELENBP1" 28745.038110312 1.12652162893743 0.132036565118911 8.53189135844975 1.43974232216221e-17 1.49534289736677e-15
"HRNR" 74.194868115599 -2.88757220625826 1.01794932168771 -2.83665615246031 0.00455886794266312 0.0255215773797244
"EFNA3" 1947.54329699537 1.05816801499288 0.155453224965243 6.80698657251705 9.9664229358434e-12 4.76787632994424e-10
"SLC50A1" 3105.60946236724 1.39506136651998 0.100421952390361 13.8919960557736 7.08334652756101e-44 5.32499007764789e-41
"RHBG" 87.4892636428958 1.1908651405848 0.32520849609523 3.66185125814205 0.000250399236162169 0.00236993569621832
"UHMK1" 9507.02694878997 1.16087174569019 0.128883860806224 9.00711492058382 2.1154835090421e-19 2.56901062748058e-17
"UAP1" 7196.01102696614 -1.52978294532605 0.191045107099947 -8.00744373173467 1.17117301334797e-15 9.6298481050648e-14
"PBX1" 790.658835540547 1.02636196878656 0.215073258803749 4.77215054300683 1.82269180737516e-06 3.32657058532158e-05
"GPA33" 187.491866402239 -1.67810847827474 0.549213561371342 -3.05547531289038 0.0022470410076184 0.0145325835261252
"DUSP27" 175.489376801127 -1.91483051837469 0.560873160260315 -3.41401702567826 0.000640125754496859 0.00519571480012437
"F5" 321.065722848928 -3.7705925493207 0.91647846736129 -4.11421837348446 3.88493534140775e-05 0.000493812191906635
"DENND1B" 4510.61994313712 2.64129481659118 0.364656599617358 7.24323876041937 4.38094665898814e-13 2.55210350204597e-11
"NEK7" 2146.18583897662 1.14250167168224 0.153939201382143 7.42177211148485 1.15563532193495e-13 7.26853180373987e-12
"KIF21B" 24.2208055416663 -1.99922837149465 0.518881168532973 -3.85295996990419 0.000116698474809849 0.00125498557344897
"PKP1" 44.8483059213117 -3.88488969002125 0.7016820910014 -5.53653818423234 3.08508603771156e-08 8.01056797324876e-07
"ETNK2" 138.601086788459 1.12016910303941 0.313241473356038 3.57605616854635 0.000348816736610863 0.0031235223033895
"SLC45A3" 9298.38073881317 -2.45339158370437 0.141131342552387 -17.3837472196772 1.09555194010469e-67 1.92171983093697e-64
"MAPKAPK2" 2439.53346048716 1.05314616926552 0.158863763961322 6.62924094837591 3.37417423759563e-11 1.50050954053302e-09
"C1orf116" 5909.78431892211 -1.75984404495875 0.34473958045197 -5.10485057344304 3.31056004516742e-07 7.09050400905831e-06
"FAM177B" 56.2385965608505 1.99771432251419 0.392153274635044 5.09421813288019 3.5018339633357e-07 7.47073686205144e-06
"DEGS1" 12410.705482324 -1.09562004471456 0.0898930361303851 -12.1880413864921 3.5996910405128e-34 1.35305529658513e-31
"ZNF678" 1267.49408368447 1.10078326806488 0.107983895561187 10.1939577410517 2.10995501816137e-24 4.1637324839642e-22
"WNT9A" 177.556126784783 1.10035641003417 0.309847597403704 3.55128269269909 0.00038335841749394 0.00336039940975949
"RHOU" 3049.21734827873 -1.49461895827019 0.566548394497212 -2.63811348295603 0.00833686777425172 0.0414532697801927
"FAM89A" 181.465152638218 1.11642807678616 0.19699241591905 5.6673657794264 1.45009565384461e-08 4.01625615565699e-07
"GPR137B" 1531.13294684779 1.65685925042458 0.170399931416017 9.72335632213076 2.39745972412978e-22 3.47235749218687e-20
"FAM110C" 107.134855196777 1.1107437138085 0.358435370472671 3.09886748158743 0.00194261889457602 0.012910227180589
"MBOAT2" 5379.55273992614 -1.59477972934489 0.194284423126824 -8.20847962836346 2.24006805163137e-16 2.03241116845428e-14
"GREB1" 1293.04603827574 -1.57671187971844 0.2583030901016 -6.10411543701728 1.03371557635927e-09 3.66725119190648e-08
"LRATD1" 122.338170854495 2.07213229262407 0.374031021176846 5.54000116381882 3.02469636568409e-08 7.87968341997602e-07
"SLC30A3" 25.5332593974234 2.44207807366115 0.632171585177375 3.86299879798608 0.000112003559169355 0.00121026706954593
"CAPN14" 16.9138079490931 -2.41288200095184 0.656803216008207 -3.67367567962958 0.000239086162165223 0.00229589613266568
"MEIS1" 154.17107699584 -1.12375093476822 0.387873449471867 -2.8972102532368 0.00376497338398426 0.0219165320106783
"ATOH8" 207.019683726331 1.63243961152216 0.247735996779652 6.58943243106542 4.41511107080953e-11 1.94154201879861e-09
"MGAT4A" 246.765111207832 1.12167889134088 0.244661289192405 4.58461939378885 4.54814143162484e-06 7.44828929264121e-05
"AFF3" 783.44175501732 -2.12749075822539 0.233297656088145 -9.1192118853589 7.56726063086579e-20 9.40664122673056e-18
"IL1RN" 353.150312544571 2.12007627832173 0.2602501487786 8.1463018879014 3.75222692196636e-16 3.32788800095971e-14
"TUBA3E" 25.1927507385434 -1.62033518630971 0.599877679757806 -2.70110931109139 0.00691086208311902 0.0355966417250301
"SLC38A11" 98.1220517399011 1.56060474725733 0.47000307283298 3.32041392378706 0.000898840719276437 0.00688166752435359
"STK39" 4893.15562229044 -1.50073105234331 0.281794765189989 -5.32561721411503 1.00610810688728e-07 2.37420458646181e-06
"ABCB11" 54.3401947703565 -1.47351198849666 0.543368271743556 -2.71181087509668 0.0066916760382623 0.0347276428718103
"CCDC141" 138.427059472554 -5.57620284593265 0.743177878550207 -7.50318733492272 6.22844380391066e-14 4.08001835403891e-12
"TMEFF2" 4149.28614049122 -1.91620234556259 0.129510323634619 -14.7957498042292 1.56035776832588e-49 1.64222453923738e-46
"HECW2" 98.603305133644 -1.89508235991325 0.440850570259868 -4.29869549402228 1.71806322102581e-05 0.000243038208515541
"ACADL" 10.262715226607 -3.84400248576977 1.09552610841052 -3.50881869109169 0.000450101627399603 0.00385762996295197
"IGFBP5" 24.8423059987923 1.51024378827853 0.482721374899933 3.12860351085881 0.00175639134691576 0.0119158359234032
"SPEG" 15.6790727232389 2.40903243397293 0.737570645472633 3.26617178809934 0.00109012095641822 0.00804569403411614
"AC053503.6" 12.1766027130594 1.96351046561913 0.695583219857476 2.8228260969571 0.00476023844653104 0.0263617735498739
"SPEGNB" 10.5103555786498 1.95563090514667 0.76077387525776 2.57058104746838 0.0101528067095582 0.0484236735721438
"ACSL3" 6680.87235303932 -1.08819859468225 0.165883746839363 -6.5600073269145 5.38051345262582e-11 2.35296858383944e-09
"UGT1A8" 88.6305870872334 1.74236370475703 0.455553948544449 3.82471430732649 0.000130923818289358 0.00138717739552624
"UGT1A10" 87.8042096167026 1.80207787153031 0.453630056287757 3.97257158460235 7.11008590575435e-05 0.000824133085125873
"UGT1A9" 86.6378213439377 1.80888918676075 0.454476261045114 3.98016209383748 6.88682931719267e-05 0.000801787422053988
"UGT1A7" 86.6378213439377 1.80888918676075 0.454476261045114 3.98016209383748 6.88682931719267e-05 0.000801787422053988
"UGT1A6" 84.9692215649755 1.77269907090023 0.467434622855612 3.79240001536602 0.000149198328424762 0.00155164295839375
"UGT1A5" 82.8035546246173 1.79001065670115 0.47731784707274 3.75014399247546 0.000176733055561721 0.00178977213539057
"UGT1A4" 82.4704496268534 1.78250018650494 0.483073813518783 3.68991267301561 0.000224331046508498 0.00217137598481279
"UGT1A3" 81.8035803476463 1.83522360225854 0.472543954596108 3.8837098314529 0.000102874670803832 0.00113018958105782
"UGT1A1" 63.8116875863378 2.16739436764023 0.591163443745299 3.66632001787655 0.000246065962104268 0.00234155716922247
"TRPM8" 485.452860008945 -4.19730944297641 0.425908378382145 -9.85495861556023 6.52435670529376e-23 1.00980411084777e-20
"ACKR3" 3831.36814245572 1.03527836907625 0.086100212051206 12.0241094001086 2.65434684945416e-33 8.91578164092189e-31
"MAB21L4" 52.61952810183 2.38742678575923 0.664143911316571 3.5947431649663 0.000324711745263873 0.00292759812820147
"LRRN1" 5144.17333605939 1.38991693395337 0.152452962338664 9.11702149064023 7.72172797732048e-20 9.523665592028e-18
"COLQ" 425.239765265163 1.19723887768206 0.32167308934148 3.72191183332435 0.000197720065083991 0.00195576858864723
"TBC1D5" 2916.35767693387 1.49900632444426 0.183123360644708 8.18577334517465 2.70560526131775e-16 2.41318589041939e-14
"RARB" 257.695215160502 -1.21586688760555 0.169319660251324 -7.18089609795355 6.92559720963972e-13 3.89090402663994e-11
"SLC6A20" 53.2191213919051 1.4256573794323 0.497990734663148 2.86281908517163 0.00419890237326698 0.0238958506802112
"ALS2CL" 265.770370234076 1.42504533708958 0.373747776057604 3.81285302115067 0.000137371812110571 0.00144713330078847
"UBA7" 103.291491295309 1.38372308003112 0.342179613776868 4.04385014278912 5.25805342752765e-05 0.000643479763258752
"CACNA2D2" 463.902277133297 1.05659587070037 0.391897189370462 2.69610474215871 0.00701556027227543 0.0359826673224211
"FRMD4B" 158.062118564233 -1.00895268113056 0.250518701877171 -4.02745453161916 5.63839667089767e-05 0.000679491360637111
"CADM2" 168.662793231826 -1.27449075608185 0.321975340626875 -3.95834896424196 7.54696404654065e-05 0.000865972427217284
"MTRNR2L12" 111.443723504898 -1.14065589156807 0.25614430464621 -4.45317686506268 8.46090031578213e-06 0.000129180109560205
"CPOX" 1227.90611198974 1.04233968905601 0.148694137519515 7.00995820308791 2.38389329815218e-12 1.25031639528002e-10
"ST3GAL6" 136.106977199684 1.48368452296329 0.44638255613248 3.32379592925435 0.000888011510442645 0.00682523744662027
"DCBLD2" 191.876943982224 1.2111296723527 0.334965964883843 3.6156797983123 0.00029956047152569 0.0027463189105552
"MYH15" 41.5894002215703 -1.95519698173899 0.532855711153843 -3.66928033389229 0.000243234238898458 0.00232301015190072
"PHLDB2" 41.1333178056035 -1.57015790812993 0.42529807243048 -3.69189989307227 0.000222585080282031 0.00215712133972524
"CD200" 491.102888986438 3.23043174889571 0.772505462928865 4.18175909934397 2.89262365018343e-05 0.000383102764810786
"SLC35A5" 2133.21097243478 1.20331251433845 0.170042588741992 7.07653607981855 1.47802286162762e-12 8.13015572004018e-11
"CCDC80" 89.4836444961743 2.21372706375729 0.625486646803911 3.53920755154233 0.000401330177024934 0.00348458444605784
"LRRC58" 6096.44733131523 1.62699673995313 0.107058682720624 15.1972422843916 3.68823877154617e-52 5.29329322603631e-49
"EAF2" 355.570292259421 -1.61609152340286 0.426964649431859 -3.78507102532567 0.000153664685547866 0.00159180078132819
"SLC15A2" 212.569175122556 -2.5810671037733 0.500744345484181 -5.15446080829452 2.54361749740813e-07 5.5387709560803e-06
"MYLK" 925.652237779999 1.6640186912209 0.314980091564146 5.28293290841852 1.27131959305504e-07 2.94286252427565e-06
"KALRN" 398.87919738313 1.5990083524158 0.210266002633695 7.60469278146421 2.85581475003686e-14 1.95172066921351e-12
"HEG1" 413.194523462535 1.26514626886533 0.144657783184082 8.74578775519732 2.21465061305943e-18 2.51530138333591e-16
"ABTB1" 216.073636413799 1.23459333110624 0.330434988166663 3.73626696723637 0.000186772374787585 0.00187330081370496
"EFCAB12" 389.730549801198 -1.8703355831814 0.209533801334783 -8.92617597383759 4.40988771485964e-19 5.15695535959179e-17
"ACPP" 829.675622679934 1.6383124755403 0.223542408240261 7.32886653784037 2.32107386226172e-13 1.41477965496238e-11
"PLOD2" 25.720459654066 -1.41295162074001 0.528684227849669 -2.67258137525106 0.00752701160413366 0.0381473297574505
"TM4SF1" 50.9364268648321 -3.55055919006794 1.02488777927525 -3.4643394739068 0.00053153527179346 0.00441649859779124
"WWTR1" 60.5756856621596 -1.4330506405188 0.401317085909322 -3.57086874901359 0.000355799163332294 0.00317703698615776
"ARHGEF26" 8976.39668539033 -1.38605197110139 0.129103066252593 -10.736011245384 6.89597905420185e-27 1.67487417428746e-24
"SI" 566.582389699538 1.87793098791285 0.323757574936809 5.80042332068798 6.6147716856454e-09 1.98909334478636e-07
"LRRIQ4" 15.5511813720537 3.42001676744009 1.05386219555854 3.24522198618909 0.00117359097815533 0.00853541043863945
"LRRC31" 397.010351208731 1.8125807081837 0.267606932490145 6.77329503879895 1.25881867846245e-11 5.89702388038181e-10
"EIF5A2" 450.101999368061 1.16886703708899 0.251915285559445 4.63992105319535 3.48542303468807e-06 5.89126054053754e-05
"PLD1" 30.5391140946791 1.54477165501359 0.553621369358723 2.79030351881638 0.00526586507689332 0.0286169404368037
"GNB4" 1333.56012495122 -1.38552414095717 0.335444698977592 -4.13041000552442 3.62116831404693e-05 0.000465911851457693
"THPO" 23.5269593522152 2.3693053404004 0.654109209336186 3.62218618325961 0.000292123741335353 0.00269564653046699
"CHRD" 32.3815507445964 3.2988076641019 0.72471943656691 4.55184102654785 5.31785126840081e-06 8.5841429421517e-05
"AHSG" 11.2723654764378 -2.89198655662694 0.956928263611055 -3.0221560660292 0.00250981113027062 0.0158173206840648
"APOD" 234.064410419091 -1.27103549854079 0.436684798585471 -2.91064745706281 0.00360680728961619 0.0212385925703733
"AC092442.1" 50.5138613912838 1.2334361796988 0.3380056149401 3.64915884582978 0.00026310038786063 0.00246942082232804
"C1QTNF7" 6.29797305049746 -3.07439260904651 1.17589135290236 -2.61452097717892 0.00893526734370556 0.0437941836557217
"SMIM14" 2303.96460305829 1.25637407169114 0.28041256414331 4.48044856880609 7.44863277246782e-06 0.000115625924856391
"ATP8A1" 494.489870399731 1.14689262035139 0.259888665248431 4.41301516268539 1.01940853951935e-05 0.000152700431138614
"NIPAL1" 1513.97307919983 1.32003559303712 0.150002900303106 8.80006713450052 1.36734330755527e-18 1.57563859827555e-16
"CNGA1" 737.217467225118 1.11950853591629 0.20178125356765 5.54812955179188 2.88741898850982e-08 7.55948317937057e-07
"HOPX" 26.5153358203706 -1.92925376279509 0.562257469912448 -3.43126390672143 0.000600775826188216 0.00492187232383672
"UGT2B15" 13380.0685939204 2.15863221872641 0.297831034236536 7.24784179815201 4.23464804816658e-13 2.48521891213404e-11
"UGT2B10" 152.220834906933 1.1682782572623 0.322838021044803 3.61877530249193 0.000296000502053546 0.00272215713579268
"WDFY3" 4267.58277991576 1.16467416837787 0.0814433074075119 14.3004281806763 2.17467414068084e-46 1.90731003660713e-43
"AC098582.1" 4908.28826057935 -2.19969587526216 0.195733453550822 -11.2382213431441 2.6466095398806e-29 8.19255388354804e-27
"HERC3" 4714.72677842417 -2.23978212683277 0.198592139644604 -11.2783020055125 1.67956491847779e-29 5.30305827360178e-27
"NAP1L5" 221.430307713419 -1.55238828665513 0.276515301034103 -5.61411350782238 1.97572495906254e-08 5.36846298256803e-07
"ADH1B" 50.3817229592005 -3.97625071841199 0.514206326034185 -7.73279229969575 1.05212880750836e-14 7.58445547220755e-13
"ADH1C" 48.2190225478774 -4.40510725629625 0.569030902746637 -7.74142007935488 9.83124867289708e-15 7.21888013018726e-13
"NPNT" 30.7044432439608 -2.08479184225065 0.714325713969645 -2.91854514191441 0.00351668952868581 0.0207932500334692
"FAM241A" 655.780707130777 1.41734183812891 0.183402655909655 7.72803333244583 1.09220750362268e-14 7.83758175440508e-13
"ABHD18" 1254.52882272473 1.0421830699738 0.10780288826156 9.66748745585708 4.14427481907599e-22 5.9477878698866e-20
"PGRMC2" 3303.96558565413 1.1551293337082 0.140546518896899 8.2188398743307 2.05481178611186e-16 1.87510483626289e-14
"SETD7" 7709.16208238267 1.49355727609325 0.20401035864127 7.32098745397294 2.46152855157838e-13 1.49462120168338e-11
"INPP4B" 448.774160412008 -2.56112646195593 0.220071164844773 -11.6377193884643 2.65007195628474e-31 8.53809917834025e-29
"TRIM2" 122.958737078778 -1.40039217889579 0.375641469590658 -3.72800207714505 0.000193003787775925 0.00191994379182012
"KLHL2" 635.01433130962 1.53052305170299 0.150231364162619 10.1877731073936 2.24855798903869e-24 4.38246728061158e-22
"GK3P" 17.6822198624455 1.94823529242073 0.635171156027925 3.06726033437053 0.00216030620158029 0.0141131619713777
"TLL1" 383.58878133527 1.48822580069414 0.471234602573624 3.15814202218229 0.00158778183532977 0.0109603462327726
"AADAT" 5255.31619042946 -1.54316343222424 0.251735434093439 -6.13010018943717 8.78237495913501e-10 3.15107621545146e-08
"HPGD" 234.186384646217 -3.98891296802086 0.289680099358452 -13.7700621370091 3.85881108527402e-43 2.64865437405308e-40
"WWC2" 96.8646816610983 1.61503921505188 0.280484737103869 5.75802887432624 8.5101800971645e-09 2.48796691099881e-07
"SORBS2" 941.403324938294 -1.08319842726999 0.145348343212506 -7.45243050817793 9.16361282781405e-14 5.80987773946588e-12
"TLR3" 85.6798691080509 1.01684745680305 0.338174354008877 3.00687336206564 0.00263949696579285 0.0165487444793375
"SLC6A19" 197.768561531705 2.0468498121165 0.416782316286607 4.91107643518386 9.05777688508552e-07 1.77193461815174e-05
"OTULINL" 612.324042681823 -1.56176825467005 0.353901814609292 -4.41299871941671 1.0194859974669e-05 0.000152700431138614
"BASP1" 57.9907510289485 2.9992983666841 0.817442200743135 3.66912591979891 0.000243381186497992 0.00232301015190072
"SLC45A2" 148.650097211378 2.3909282926547 0.673841354715256 3.54820652654219 0.00038786396389277 0.00339483157459294
"C1QTNF3" 515.848584578625 1.68314774003143 0.279749608936477 6.01662231604272 1.78093940593903e-09 6.08564727306482e-08
"PTGER4" 62.2108083704116 -2.03544688053924 0.320662349470393 -6.34763290389717 2.18653063216259e-10 8.71685835604819e-09
"PLCXD3" 9.63527002898024 -4.18610103680944 1.40811927373129 -2.97283128986435 0.00295066589260024 0.0181167229287462
"PLK2" 639.046172764546 -1.10113132967623 0.19084293681714 -5.76983014431025 7.93514739074636e-09 2.33281511839316e-07
"ELOVL7" 3179.82088024049 -2.55039322870823 0.737604414084472 -3.45767077854845 0.000544866779975166 0.00452250886197053
"ERBIN" 6529.75306486576 1.30480980883829 0.180959378829684 7.21051220045551 5.5741801968565e-13 3.17688024432395e-11
"OCLN" 4211.52860825269 1.38847216647183 0.127235144233998 10.9126466184398 1.00293207050049e-27 2.55375622532118e-25
"NAIP" 5129.04864674119 1.09575228684477 0.10304395838442 10.633833404933 2.07408053249388e-26 4.67764419521155e-24
"MCCC2" 3227.04592761052 -1.13626679859349 0.242562711887449 -4.68442486378832 2.80747127585107e-06 4.88122786694503e-05
"HMGCR" 3718.24866320551 -1.37476714982212 0.0788462581707222 -17.4360480981279 4.39428948985277e-68 8.67158102203822e-65
"IQGAP2" 1121.78711106071 -1.49796538822954 0.271233940126801 -5.52278003088127 3.33677381692425e-08 8.59341733242792e-07
"LHFPL2" 673.03284770261 1.60036597586286 0.273821666864029 5.84455567081749 5.07922162065743e-09 1.56919122750135e-07
"SSBP2" 729.966790273874 1.60855125477231 0.333708583162717 4.82022739579336 1.43394678019857e-06 2.67901986023607e-05
"ST8SIA4" 218.707486500109 1.64119794018766 0.434762102079632 3.77493330797967 0.000160050477393838 0.00164714269010203
"FBXL17" 13715.4349475473 1.01220310855508 0.227904875783591 4.44134029636216 8.94002849667598e-06 0.000135447437501942
"STARD4" 1213.8099300153 1.00929109145648 0.287448138984405 3.51121108323209 0.000446070048309901 0.00382723252862413
"KCNN2" 2972.7320510609 -2.32871217327524 0.081675230614658 -28.5118530520232 8.35208995424119e-179 1.31854444107606e-174
"TRIM36" 1292.1067013995 -1.49959119706739 0.252601423341922 -5.93659044841383 2.91010401392259e-09 9.55888087377789e-08
"PRR16" 49.6260996038091 -2.56526886415143 0.77826477687674 -3.29613897528053 0.000980235116382999 0.00737957643411464
"MEGF10" 48.8538679981474 4.68998196900709 0.877411789072779 5.34524612891663 9.02942723472845e-08 2.15328652197369e-06
"SPOCK1" 46.6047668508502 -1.38987739437478 0.483308110265784 -2.87575847550014 0.00403057992026483 0.0231553002915651
"IGIP" 494.627232392753 1.08691580745926 0.233364848575246 4.65758152564609 3.19945738211601e-06 5.47828998822835e-05
"SPRY4" 201.359109844384 1.32147259526196 0.395739249182303 3.3392507768498 0.00084004691139402 0.00651686515487832
"NR3C1" 114.83010560562 -1.05790589472462 0.346786353752694 -3.05059839661123 0.00228385832312011 0.0146984391957184
"CCDC69" 222.449770613174 1.04756659971194 0.192121529821672 5.45262470418748 4.96317434106072e-08 1.22811337495808e-06
"LSM11" 318.050891002252 1.06129951175263 0.374589617070826 2.83323259211416 0.00460798437317133 0.0257144748318331
"GFPT2" 79.0127071079718 1.47564905748556 0.47542802472532 3.10383271650451 0.00191031308193567 0.0127388113988098
"ELOVL2" 261.974061834291 -2.05959229996531 0.590072941398174 -3.49040288999715 0.00048229285759407 0.0040957274571477
"NEDD9" 385.039400870214 1.3533684125395 0.164960442289673 8.20419970845474 2.32131958480228e-16 2.09409555915849e-14
"SLC17A4" 12.5396148276348 4.59760037722875 1.1137105236077 4.1281825750694 3.6564174903878e-05 0.000468918464019107
"H2BC11" 1404.36134527341 -1.37038664696925 0.325199595857426 -4.21398631617628 2.5090249355098e-05 0.00033681952939535
"H1-5" 85.6921920864387 -1.6466989464497 0.608760132903142 -2.70500457807033 0.00683034481183244 0.0352733573910365
"H2BC17" 116.990458362005 -1.03127041878953 0.341047636035588 -3.023831013102 0.00249595813500395 0.0157551743611785
"OR2B6" 102.631210537241 -1.24562024697932 0.407647671319922 -3.05562949236562 0.00224588597826192 0.0145310663683693
"GABBR1" 770.577859564259 1.14819526443357 0.400915563244177 2.86393288188281 0.0041841666024573 0.0238295231432155
"PSORS1C1" 48.0072045509964 1.1750960455262 0.386549405220967 3.03996340352527 0.00236606897143453 0.0150920733386325
"FKBP5" 5161.93993585585 -1.24054228617563 0.181617006102976 -6.83054033757303 8.45953876584337e-12 4.08412044331404e-10
"GLP1R" 181.148466649585 1.99650216435141 0.339047124663128 5.88856834086147 3.89555455149876e-09 1.23740683510082e-07
"UNC5CL" 38.9980700957572 1.01359069334709 0.376706674167912 2.69066295569612 0.00713101988152737 0.0364753358554211
"PGC" 40.3758184416787 -3.91621700199738 0.659688881492231 -5.93646052232806 2.91241002108517e-09 9.55888087377789e-08
"PTCRA" 21.2088027530107 -2.69275055915264 0.691645476394035 -3.8932526143185 9.89090613941735e-05 0.00109117914201944
"ENPP5" 816.425933057316 1.97461890026573 0.226602809693358 8.71400889926218 2.93313338460685e-18 3.21565116269364e-16
"ELOVL5" 8103.44916531798 -1.56952843864861 0.252161615814479 -6.22429561128504 4.83724281522706e-10 1.83130820920838e-08
"OGFRL1" 1801.68472578234 1.1249956524565 0.223414786514804 5.03545745564141 4.76709002453859e-07 9.91542163601985e-06
"SH3BGRL2" 296.973642682443 1.64517774405133 0.284926076792717 5.7740511594107 7.7387923065661e-09 2.27933421909998e-07
"GPR63" 604.383871835529 1.01670440103468 0.116383882789159 8.73578348366794 2.419730638888e-18 2.70924025504432e-16
"OSTM1" 1222.86568700025 1.64074566694658 0.127826782885545 12.8356955397656 1.03469524109335e-37 5.26926895843251e-35
"MAN1A1" 398.081942826094 2.62960356964821 0.4241091249377 6.20029943952395 5.63558344403848e-10 2.10826909552217e-08
"SERINC1" 3756.33798970094 1.01829670921926 0.100967083407487 10.0854325474529 6.40823163860829e-24 1.14962219180351e-21
"NCOA7" 1315.1412611684 1.61057705628627 0.212986430480215 7.56187637238175 3.97295907773695e-14 2.66898318979716e-12
"PTPRK" 572.172693063428 1.01277395078374 0.131306358812439 7.71306096630407 1.22835371634712e-14 8.77466973754389e-13
"TULP4" 2491.67420558154 1.32571131135977 0.334117423419181 3.96780059475241 7.25389880142924e-05 0.000838340412724476
"FAM20C" 87.7902663129394 1.62088783202818 0.562600902389161 2.88106155739329 0.00396338225576604 0.0228858506480536
"ADAP1" 95.1530526228605 1.1412387082926 0.428851353717184 2.66115216473169 0.00778737554198092 0.0392617236822123
"TWIST1" 338.875214134464 -1.22459980782502 0.309512175295647 -3.95654809590376 7.60405842255143e-05 0.000870524077714426
"CREB5" 54.8730691340933 2.32916449424803 0.518180330613063 4.49489175224458 6.96053468337547e-06 0.000109013850244493
"AMPH" 102.139222154906 -1.06191085698969 0.283794614865843 -3.74182877815239 0.000182685972611913 0.00184167525518791
"DDC" 5231.51920569819 1.57160308775146 0.209447046405996 7.50358200184421 6.20971062058314e-14 4.08001835403891e-12
"GRB10" 28041.5469561756 1.0475410836962 0.0984600625008562 10.6392486160273 1.95701105254302e-26 4.47758456326039e-24
"FAM237B" 92.4700832637864 1.15600412555413 0.284441036505409 4.06412569633617 4.82128403380139e-05 0.000596501653931211
"CLDN12" 6000.31935374344 1.04422187413671 0.0770241134045816 13.5570774914573 7.19459460228724e-42 4.54324259945234e-39
"AZGP1" 2021.5545776477 -1.35755836886081 0.302994575560361 -4.48047086767191 7.44785456327044e-06 0.000115625924856391
"CASTOR3" 1858.18622545662 1.02569216596909 0.120603472873418 8.50466525989367 1.82120298626129e-17 1.84303407334019e-15
"NAPEPLD" 1893.38839557844 1.29680029439762 0.265473605104799 4.88485585557816 1.03504547101485e-06 1.99514808924438e-05
"ORC5" 2193.62430451901 -1.08369800412316 0.143574270565943 -7.54799588987233 4.42006870955553e-14 2.93191700494761e-12
"LAMB4" 46.2313106384405 -2.52196777621919 0.559317546803615 -4.50900886380505 6.51311879850058e-06 0.000102633350350225
"NRCAM" 24.7076019480207 -2.5159837167984 0.561318069828493 -4.48227814502238 7.38504015012519e-06 0.000114864658965543
"LRRN3" 104.537166894186 1.9457127608734 0.576411309810162 3.37556312264972 0.000736647914208139 0.00583515334751826
"CFTR" 45.9954021385387 -1.28830134844445 0.436042689625988 -2.95453032259176 0.00313145378799562 0.0189701692060963
"KCND2" 261.000174004907 -1.91512263156059 0.481624892407898 -3.97637801066693 6.9972867567709e-05 0.00081344746707763
"TMEM139" 48.8193855696369 -1.25995118499876 0.425546325732355 -2.96078501636787 0.00306856050957584 0.0186895697394575
"ZNF467" 929.156157743883 1.47828541424808 0.292151706645706 5.05999239648738 4.19273197086445e-07 8.86086474217363e-06
"SMARCD3" 1093.92425108028 1.11751017737772 0.110994713056432 10.0681388023369 7.64103196548288e-24 1.35538170380987e-21
"CSMD1" 5117.50838263976 1.47965961751051 0.195152417037915 7.58207169539198 3.40080246823438e-14 2.31415812784553e-12
"PRAG1" 464.730918711231 -1.93827755692604 0.453045684089466 -4.27832694360969 1.88303304171667e-05 0.000261809153826315
"NKX3-1" 12372.2542411299 -3.51332024168014 0.191011026638533 -18.3932849506574 1.48691725673493e-75 3.91232712201239e-72
"ADAM28" 16.0467888684148 -3.4597853110604 1.11069968187478 -3.11496020708364 0.00183969726576883 0.0123588513764649
"ADAM7" 239.521453134306 -4.59377587903117 0.309246413072671 -14.8547426415959 6.48163685834175e-50 7.30897150590295e-47
"EBF2" 32.6625413183712 1.79791864527095 0.694196868632349 2.58992618162203 0.00959965145631415 0.0463313046593798
"CHRNA2" 586.649111912021 -4.26845827452957 0.384933148911594 -11.0888300646456 1.42134461823398e-28 3.93662587509822e-26
"CLU" 1843.35612691262 2.1115182459295 0.283032018748015 7.46035114779502 8.6292192861333e-14 5.56038713755863e-12
"SCARA3" 201.984579234778 1.465048426607 0.439069584029185 3.33671126376546 0.000847759704320612 0.00656701788621663
"DUSP4" 600.853448478399 -1.12796691451583 0.204609658251027 -5.51277453937184 3.53220595955253e-08 9.03775291466057e-07
"KCNU1" 67.2646068974512 2.21368299002788 0.379178804882723 5.8380979145513 5.28001263064127e-09 1.61959928270407e-07
"ZNF703" 2024.63069950275 1.8540427628525 0.149388997126528 12.4108388068378 2.28248926329023e-35 9.73882648636833e-33
"SNAI2" 62.8845284082931 -2.45634975261251 0.585446704784488 -4.19568464992339 2.72048544937337e-05 0.00036121365676415
"PLAG1" 17.6805912472095 1.78872184107386 0.69961037643909 2.55674001031572 0.0105658154012265 0.0498960597484781
"RDH10" 2014.61143661961 1.38801962471886 0.165620370077593 8.38073012437162 5.26003819709709e-17 5.09449220966698e-15
"HEY1" 67.3575425524864 -1.88235592378621 0.308860200307482 -6.09452406594393 1.09763519766178e-09 3.86793903247467e-08
"ZBTB10" 2874.12131199165 -1.62386263298333 0.186368248612787 -8.71319361034073 2.95431442072938e-18 3.21653529379688e-16
"NBN" 1847.72594853435 1.07970735956149 0.127073729751167 8.49669999987998 1.9505670469004e-17 1.92460012308854e-15
"PDP1" 656.782088977508 1.31620088119299 0.189481851447478 6.9463163418467 3.7494749812538e-12 1.90331066009819e-10
"TP53INP1" 10391.4421799184 1.17981193549044 0.0839501405557055 14.053721979269 7.3089473335867e-45 5.76931757776666e-42
"MATN2" 236.81640790057 2.20660827068395 0.453733961781687 4.86322042550929 1.15491109837254e-06 2.21269193082613e-05
"EFR3A" 1110.63844679051 1.07312639142697 0.13400968076673 8.00782738446302 1.16752619783389e-15 9.6298481050648e-14
"PTK2" 3096.34021819143 1.15534756215649 0.103426462549275 11.1707152471356 5.67222743612129e-29 1.65828619507494e-26
"GPR20" 24.5693322222569 3.95391769574029 0.757746238022897 5.21799713061831 1.80868265800373e-07 4.07327719285376e-06
"GSDMD" 55.5032987680218 1.40099661680375 0.53200738911958 2.63341571086496 0.00845308141910136 0.0419386537911229
"DOCK8" 26.6433876557531 -2.42651079289279 0.816120457160973 -2.97322628247043 0.00294687111554341 0.0181020444751299
"PTPRD" 958.626408907854 -1.46454476090536 0.239990618110661 -6.10250839151577 1.04416626238491e-09 3.68775230073168e-08
"TYRP1" 14.3584728789765 1.931497422324 0.749059556263015 2.57856322127449 0.00992121433684108 0.0475429617007667
"CDKN2B" 84.6490925352436 1.10785548698395 0.258673234063915 4.28283773152274 1.84524744213802e-05 0.000257795764327724
"CARNMT1" 1870.15382357966 1.77114308698987 0.0900819813301061 19.6614579390689 4.61278555309241e-86 1.82055113816675e-82
"ROR2" 25.8352154465497 1.39585515453816 0.546118048384377 2.55595865887902 0.0105895699219709 0.04997833792471
"OGN" 28.3844704521189 -1.34447698109008 0.475918162558355 -2.82501717073096 0.00472780823782785 0.026216336020579
"BICD2" 1754.16736417223 -1.50000624731505 0.210064232565801 -7.14070276978344 9.28549437799344e-13 5.16162323047121e-11
"TGFBR1" 827.434381880828 1.09557671998848 0.157982324654341 6.93480566503601 4.06779959707601e-12 2.05170454437824e-10
"GRIN3A" 233.354910869602 -2.3050254913723 0.185443160102238 -12.4298221088419 1.8003454115724e-35 7.89501472569265e-33
"ABCA1" 243.619231734108 1.30605484921562 0.43138154224997 3.02760948556951 0.00246496402821937 0.0155969487428855
"TMEM38B" 3290.99836888595 1.66536702096811 0.3200081173558 5.20413992847714 1.9489711628763e-07 4.33969079666123e-06
"TNFSF15" 560.091894060146 1.5759715685876 0.20179242385381 7.80986490220922 5.72493171834168e-15 4.28338848518768e-13
"ZBTB34" 687.645167661847 1.56949636907808 0.148434999992399 10.5736273059484 3.94918109145985e-26 8.65912804039953e-24
"IER5L" 398.726502728735 1.42428557172281 0.291121060807565 4.89241681028456 9.96052218537363e-07 1.92940814405513e-05
"ANKRD16" 1699.72320607425 1.11687929977553 0.218423529901975 5.11336530582017 3.16469438764504e-07 6.80213100844759e-06
"CAMK1D" 100.88855575666 1.90981288172819 0.358990705781734 5.31995077022788 1.03795334596307e-07 2.44205208237242e-06
"OPTN" 161.287396675396 1.05228728347442 0.25568343224288 4.11558650571786 3.86196116575154e-05 0.000491683717126771
"ARL5B" 1962.85901720589 1.07477132394481 0.0970734533135717 11.0717326648824 1.72041616033928e-28 4.68279481435796e-26
"PLXDC2" 547.153803279972 1.40771510629046 0.400842121063486 3.51189416560219 0.000444925141318646 0.00381948515823679
"GPR158" 4045.75516896284 -2.09374624170245 0.330368414676261 -6.337610221468 2.33356265280789e-10 9.20998839996955e-09
"KIF5B" 14697.6273907091 1.03548894209126 0.109655091146493 9.44314514962105 3.61754440154973e-21 4.92329081614359e-19
"MSMB" 25.8654389834905 -1.66978129617772 0.565691895520329 -2.95175043057996 0.00315978203552672 0.0191051240884184
"FO681492.1" 197.414397139012 1.04320406500482 0.332045062886874 3.14175448336732 0.00167938794591936 0.0115071603742313
"FRMPD2" 1092.59951339131 -1.02111787099779 0.240615798948063 -4.24376901043889 2.19796601645875e-05 0.000299907428710754
"A1CF" 16.3612496772463 1.88619692123311 0.72304951922689 2.6086690760128 0.00908950961152038 0.0443710847981052
"SGPL1" 3689.66904237982 1.02817796478066 0.178661757303489 5.75488554629023 8.67005154324035e-09 2.53002040135186e-07
"KCNMA1" 4752.05083511101 -1.06633717170095 0.290463245990782 -3.6711604184675 0.000241451726692811 0.00231018085412086
"ZCCHC24" 1777.64476929489 1.4244181423165 0.167141467663993 8.52223067216348 1.56509284350429e-17 1.60172445336828e-15
"LCOR" 3341.82386925197 1.03998310735833 0.0982356571293336 10.5866152652608 3.43799167562517e-26 7.64444712437951e-24
"SLIT1" 80.3793139653975 2.07190119165865 0.8054768386918 2.57226662783214 0.0101035047292711 0.0482614309110449
"VWA2" 645.953561856328 1.7651674799408 0.352721159523991 5.00442752661324 5.60282857000593e-07 1.14574941236637e-05
"NKX6-2" 227.98803851385 1.08029995821903 0.172126070338879 6.27621345268705 3.46917841086011e-10 1.33580291639631e-08
"BRSK2" 97.9459530211074 1.94423129468715 0.327043629181751 5.94486827201477 2.76679262497959e-09 9.13794041224953e-08
"CDKN1C" 45.3745066297042 1.711525298019 0.457548190409791 3.74064488482866 0.00018354870270152 0.00184801235302864
"SLC1A2" 9.95795260503515 -2.91038228373852 1.03052497829914 -2.8241744208297 0.00474025808547984 0.0262761426950387
"OR5B2" 20.1862774641612 -7.77406485871562 1.31960041960762 -5.89122642218258 3.83339879882271e-09 1.22505803313794e-07
"OR5B12" 6.45138593919764 -6.12840065486196 1.58186116403923 -3.87417100449783 0.000106988269792804 0.00116725902917692
"GLYATL2" 6651.496398031 -1.20615005237225 0.345801580079534 -3.48798305691617 0.000486678917957691 0.00412410095426628
"CD5" 31.8413221621737 1.6306969666467 0.533075812543943 3.05903387149512 0.00222052042626872 0.0144064087862087
"SYT7" 2144.88042496118 1.08681530504155 0.16055615337218 6.76906666119636 1.29615816560554e-11 6.03612063729046e-10
"ASRGL1" 838.106149505423 -1.03057640393899 0.346876444812137 -2.9710186994598 0.00296813707662288 0.0181972737975322
"EHBP1L1" 742.009104870649 1.06496875778051 0.177401830824819 6.00314412105557 1.93532685297773e-09 6.57053871569019e-08
"PGM2L1" 243.930821146792 1.52997898772815 0.183207998828721 8.35104906723261 6.76593042511602e-17 6.47356021947312e-15
"GDPD5" 128.717891757932 1.52929860267222 0.21681634088129 7.05342870586279 1.74561967302671e-12 9.31016816826782e-11
"MOGAT2" 15.0421992031319 -3.35737558722379 1.05761205085278 -3.17448688724438 0.00150101672711739 0.0104805621720487
"MYO7A" 45.2406530363171 2.46670998998473 0.938521831704934 2.62829260508908 0.00858146653357381 0.0424769910879685
"CLNS1A" 3445.75154266638 -1.18551934432655 0.116467889656786 -10.1789372832297 2.46235730701632e-24 4.74063839095935e-22
"THRSP" 43.721032739515 1.70045105649613 0.542070129494511 3.13695768125396 0.00170710765224787 0.0116667136389771
"CCDC83" 53.4329267973561 3.13269285588877 0.424290027943856 7.38337610966266 1.54325269469555e-13 9.55424717300338e-12
"TRIM49D1" 420.163208461789 -3.77496792974221 0.84752573707505 -4.45410418186265 8.42441890271653e-06 0.000128747629445485
"TRIM49D2" 419.177718506783 -3.78956805670333 0.839110633688874 -4.51617212863069 6.29674878463792e-06 9.96552725938768e-05
"AMOTL1" 234.313628344874 1.84227829391823 0.536552062130089 3.43354992729775 0.000595732477829828 0.0048856252610387
"ENDOD1" 11480.8901290255 -1.35569838553074 0.319955431192306 -4.23714759420949 2.26377333827454e-05 0.000307557570493461
"YAP1" 5059.31257295618 1.52819803714885 0.123312272855453 12.3929111171295 2.85488323815886e-35 1.18605372844247e-32
"GUCY1A2" 60.2881607874675 -1.48388472637851 0.3467851401762 -4.27897436904175 1.87756480045547e-05 0.000261616200395327
"ZBTB16" 2839.57647736558 -2.06983311899169 0.116276688012042 -17.8009294414829 6.95057068692748e-71 1.56755227763606e-67
"NNMT" 808.184236726808 -3.04856156683615 0.429497617440437 -7.09797084557501 1.26601881918998e-12 6.98833534914411e-11
"ANO2" 32.0188851402367 1.63618821166278 0.619069383448922 2.64298034341054 0.00821798060579805 0.0409677744533763
"KLRD1" 15.6716669465739 2.09139767291333 0.690689106598468 3.02798705370225 0.00246188634057091 0.0155842974096679
"RERG" 54.1486460254294 1.1022456682926 0.366660300654271 3.00617674268457 0.00264555176699567 0.0165801213757684
"ETFBKMT" 256.8131028753 1.06517918301474 0.271050879392436 3.92981268093412 8.5012062567859e-05 0.000965529087596251
"SLC38A4" 59.8083221941485 -6.14026009892498 1.06737144327012 -5.7526928771047 8.78329674302821e-09 2.55833774321377e-07
"AMIGO2" 189.582271684863 1.54725778097079 0.23299202921304 6.64081851296307 3.11945948070349e-11 1.39115555993972e-09
"PCED1B" 172.571487697574 1.8597757757214 0.343935501917105 5.40733877530805 6.3968079796468e-08 1.56325708319944e-06
"RHEBL1" 49.6768879506018 -1.09015301478534 0.405710368118874 -2.68702281344193 0.00720920287105492 0.0368084365217801
"NCKAP5L" 453.51589226485 1.12770693836282 0.180612752056 6.24378359515373 4.27110823325566e-10 1.6366015941361e-08
"KRT80" 239.243352724784 3.2334364432807 0.404635899516565 7.99097768424357 1.33872791430111e-15 1.09505168824205e-13
"HOXC13" 1585.73194251371 1.29376779593814 0.139536477320327 9.27189664511956 1.82864808905338e-20 2.3470623887712e-18
"HOXC9" 541.706688380131 1.07395170651096 0.166625159707231 6.44531539173287 1.15360267217802e-10 4.81796967874983e-09
"SDR9C7" 21.3486157782101 -2.70251026395347 0.865990342673753 -3.12071639922616 0.00180411688821587 0.0121612268634774
"B4GALNT1" 711.46886363731 1.07258954791297 0.194888515834507 5.5036057066789 3.72101250616987e-08 9.45952084297967e-07
"RASSF3" 19609.4889768033 -1.80249207887203 0.163005528687765 -11.0578585486182 2.0083523897284e-28 5.37387443671903e-26
"GLIPR1L2" 23.8313786133395 1.42739581387431 0.519095695315975 2.74977393716479 0.00596363918136443 0.0316996537899664
"NAV3" 97.2760925882948 -1.13560319971407 0.327788793794336 -3.46443570132106 0.000531345145692647 0.00441649859779124
"PAWR" 2647.75990715864 1.01191464894511 0.0961486862963784 10.5244771189684 6.6630353187145e-26 1.44094984351433e-23
"OTOGL" 64.2597729426272 -1.05324950141956 0.325567560861829 -3.2351180769713 0.001215924354506 0.00878124326833773
"TMTC2" 1170.81156619548 -1.17239424790619 0.249243940956746 -4.70380240099659 2.55360405048918e-06 4.47433375638986e-05
"TMTC3" 1303.64359895317 1.18953837820832 0.0948103475754613 12.546503716396 4.15452218259398e-36 1.98749823323064e-33
"LUM" 26.9212374490477 3.52513542549426 0.935368597410725 3.76871260725717 0.000164091685152797 0.00168106128066659
"NTN4" 22.3513851751656 2.1346466687817 0.764599330088058 2.79185003802691 0.00524076385448473 0.0285099720781359
"MYBPC1" 35.8501788744012 -1.83300472746335 0.432878109775278 -4.23445927634207 2.29102295655067e-05 0.000310992084394371
"IGF1" 243.5536187116 -2.05121447441962 0.429584653552814 -4.77487837951232 1.7981589187466e-06 3.2932175000293e-05
"SLC41A2" 261.900806750923 1.13503108860575 0.32318910097826 3.51197204723219 0.000444794779087755 0.00381948515823679
"CUX2" 28.5549746948136 -1.95777096644207 0.563594460691373 -3.47372286810703 0.000513290887431698 0.00429201442790478
"C12orf49" 1921.24785828475 1.89275822972344 0.116142129119247 16.2969134807239 1.03803395089727e-59 1.63874419828151e-56
"HSPB8" 124.428047359336 1.70946341414425 0.286026302101033 5.97659516480557 2.27849475491273e-09 7.65331844591646e-08
"P2RX7" 41.6976733009674 1.37390693105863 0.493177066193676 2.78582891467845 0.00533910428075773 0.028905500439068
"PABPC3" 50.6399402559221 -1.35897858490641 0.338323357298658 -4.01680391137392 5.89927711648592e-05 0.000702352095308923
"FLT3" 37.9007609135551 2.52036857180547 0.591715942306342 4.25942313127779 2.04955165835979e-05 0.000282587528650883
"EPSTI1" 25.3954571025854 -1.43717373516812 0.548021591735503 -2.62247648056495 0.00872932926951903 0.0430118355736257
"DLEU7" 112.796439115809 1.75060979986393 0.364544664054591 4.80218193401337 1.56945993956997e-06 2.90810611103183e-05
"GPC5" 118.922850622208 -1.18702310860852 0.342280291981683 -3.4679855557446 0.00052437547313961 0.00436850427148022
"GPR180" 761.980560980753 1.0994081493766 0.135992981651138 8.08430064572676 6.25219253161647e-16 5.39362642058083e-14
"ZIC5" 200.518006416197 1.19777474583796 0.351649051809195 3.40616515152123 0.000658823124316742 0.0053092601651804
"IRS2" 170.940431508774 -1.23452571259719 0.255580559654856 -4.83028018353325 1.36341058763425e-06 2.56240035083118e-05
"TMCO3" 3916.85964538672 1.42632205285418 0.113563652131744 12.5596705114724 3.51794677757424e-36 1.73555705554889e-33
"C13orf46" 222.630882127599 1.19630810300747 0.332672130975415 3.59605747406561 0.000323076448681604 0.00291451879733514
"POTEG" 167.638754274053 -2.239998270055 0.709771569363093 -3.15594251269467 0.00159980388179946 0.011024052327354
"ARHGEF40" 482.452817752044 1.12944734947679 0.275325338594154 4.10222813215772 4.09190519929322e-05 0.000516791259049937
"DHRS2" 570.373584743336 -1.49776684523266 0.267449328104904 -5.6001892240506 2.14117948994017e-08 5.7585690984132e-07
"KLHL28" 2570.62998927385 1.00799463350372 0.082335766543506 12.2424879954339 1.84295239538475e-34 7.27367236648475e-32
"SAMD4A" 47.796027225999 1.26345602110077 0.484309174862999 2.6087798593908 0.00908656768772027 0.0443704435774946
"SNAPC1" 742.393811990048 -1.15588716954207 0.197615364051892 -5.84917663202817 4.94012276785729e-09 1.53221450169279e-07
"TGFB3" 29.3298399767014 1.42925461386764 0.529137312773062 2.70110343641675 0.0069109841570417 0.0355966417250301
"ASPG" 195.450439365319 1.05951481275456 0.317599847201956 3.33600542345611 0.000849915057029876 0.00658048504430145
"AHNAK2" 231.262569555997 1.55765264093749 0.194006005511885 8.02888878015717 9.83594737478917e-16 8.17263690556824e-14
"NIPA1" 2360.91083054391 1.4367291293055 0.0957634631967945 15.0028944374434 7.02861772251916e-51 9.2467323321175e-48
"FMN1" 19.9043604991772 -1.98700406054447 0.570064661468485 -3.48557662814243 0.000491077550009516 0.00414579747700547
"THBS1" 464.307809880946 -1.09427301905113 0.351890492842929 -3.10969759430124 0.00187278974315893 0.0125208715040411
"BMF" 1600.35104812589 1.446968880797 0.194760284425253 7.4294863815129 1.09020170756389e-13 6.88440574292444e-12
"CCDC9B" 1292.71466391662 1.17163842952464 0.130696801502829 8.9645531952768 3.11541349863687e-19 3.72598734113486e-17
"PLA2G4E" 23.343717804335 -3.28288999996933 1.02235773126108 -3.2110971527744 0.00132229222561267 0.00939525518400302
"PLA2G4D" 29.0515932543249 2.00585033941464 0.744822472338921 2.69305829765822 0.00707998881447231 0.0362424719241486
"TERB2" 60.2419652261795 -1.9284001209965 0.449914311540672 -4.28614976570305 1.81796451133861e-05 0.000254660210652198
"SORD" 22941.1191033954 -1.04069318365618 0.110874267883306 -9.38624627268342 6.21767130820888e-21 8.31850652056725e-19
"DUOXA1" 41.5346857183754 1.60946993338897 0.611773015451952 2.63082857977964 0.00851769868560059 0.0422326975972288
"DUOX1" 305.461248079721 1.0892907207714 0.196553515257634 5.54195491921681 2.99113321857595e-08 7.81734139572532e-07
"BLOC1S6" 6862.38693402969 1.08388824165051 0.124568514958834 8.70114123146368 3.28563052008378e-18 3.55275678223032e-16
"AC090527.3" 7209.68186513216 1.04898563401559 0.123410246509914 8.49998815885457 1.89610036934102e-17 1.89454028675866e-15
"FBN1" 138.842561069537 -2.2635139865702 0.874082545480891 -2.58958836127415 0.0096090758514151 0.0463484511048855
"ALDH1A2" 101.474817445964 1.01262113067981 0.253460318022124 3.99518606534464 6.46434640601175e-05 0.00075875566328407
"MINDY2" 1945.61834358596 1.33340739090902 0.136819051994925 9.74577276678161 1.92310073838492e-22 2.81111031082247e-20
"APH1B" 988.515443363848 1.23401934053987 0.148253884311057 8.32368977227419 8.52665894844482e-17 8.06050088737116e-15
"DAPK2" 996.480079507848 1.26775057966884 0.136475616946523 9.28920936965315 1.55438629328303e-20 2.01140134525075e-18
"NOX5" 151.742004369869 -1.20994661489206 0.212807735307267 -5.68563268221923 1.3032925120534e-08 3.66104606544253e-07
"REC114" 22.0292966128566 1.71512381820146 0.623724040724294 2.74981194601668 0.00596294751590888 0.0316996537899664
"INSYN1" 13.5031631251507 2.40179249149159 0.876698879377205 2.73958658781199 0.00615165084412976 0.0325347108463238
"CYP11A1" 77.0414578956991 -3.69502308028258 0.894043756767379 -4.13293315043414 3.58162923741933e-05 0.000461576985886849
"CYP1A2" 78.7902117028548 2.32501193618443 0.470764527227779 4.93880018929183 7.8604702869889e-07 1.56092131346785e-05
"FAM174B" 1779.16125154923 -1.22110358441554 0.0998497458330661 -12.2294110438402 2.16502666587099e-34 8.33640877417202e-32
"IGF1R" 1537.92504432376 -2.31817791606611 0.23066346884722 -10.0500435879665 9.18267957407636e-24 1.5757278525646e-21
"NHLRC4" 49.6937826388345 1.46024809058819 0.406607615312952 3.59129547897003 0.000329038333006712 0.00296491333514666
"SOX8" 498.155829483077 1.66818221519232 0.270103485941969 6.17608547099878 6.57104234398274e-10 2.4294390043198e-08
"CACNA1H" 474.502962684183 1.37357317753681 0.522837115293406 2.62715315603787 0.00861025702962424 0.0425654496382348
"SYNGR3" 160.184953423644 2.13935424527908 0.268388606705736 7.97110679003111 1.57259542828424e-15 1.26023167646311e-13
"PRSS22" 94.0403752019882 1.66766665743976 0.254068651222858 6.56384268351531 5.24385251122333e-11 2.29957498874118e-09
"TNFRSF12A" 1285.21994313467 2.49807894885552 0.203860535107076 12.2538624140441 1.6018133019429e-34 6.48405810199298e-32
"SRL" 30.3650242966322 1.70824954869449 0.597417528618286 2.8593897347561 0.00424456951706434 0.0240952962840326
"C16orf89" 68.7090519615991 1.22930841236998 0.393963688961213 3.12035968495312 0.00180630330703579 0.0121655760700401
"ACSM1" 49.3253347245782 -1.23648676261199 0.457877931559175 -2.70047250017374 0.00692410609841575 0.0356293555983343
"CRYM" 142.753242607341 -1.16887346032051 0.241122078179075 -4.84764178024552 1.24937738014093e-06 2.37924254526958e-05
"SCNN1B" 20.0201884341235 2.42372787873335 0.599966981792117 4.03976877443091 5.35039230133791e-05 0.000652756130303104
"IL4R" 259.635985048175 1.33875300421886 0.302693372936382 4.42280249227732 9.74288004341727e-06 0.000146766075615867
"C16orf54" 21.6663469418455 -3.16578651294309 1.07429180047594 -2.9468590484825 0.00321019494479799 0.0193358823325166
"ARL2BP" 1411.29465892201 -1.12068668425755 0.0897906050831039 -12.4811129540816 9.46542500876981e-36 4.39501954745438e-33
"LRRC36" 60.85223967303 -1.6484353152232 0.500062749242666 -3.29645693009471 0.000979126261471728 0.00737826553214997
"CDH1" 13043.0821030389 1.35022986153114 0.122329505961909 11.0376466488107 2.51534867423721e-28 6.61830158669714e-26
"MAF" 400.25066801333 -1.46694034372212 0.478393106728896 -3.06639105599285 0.00216659746810809 0.0141397578458133
"CMC2" 5876.37297936876 -1.04159167041468 0.130541160060879 -7.9790287594267 1.47489210596333e-15 1.18796539167567e-13
"CENPN" 4893.39225150452 -1.12177722990974 0.121241184695446 -9.25244365376016 2.19417866440328e-20 2.79350794959149e-18
"IL17C" 11.3414282920814 2.91783045370094 0.97294130473699 2.99897891013036 0.00270886056914525 0.0169231427800143
"CDH15" 152.02221503494 1.28458678727315 0.255197378916509 5.03369898518205 4.81104926627889e-07 9.98055647394808e-06
"SLC22A31" 514.518375671683 1.35550474652874 0.256452384509911 5.28560008954159 1.25293343286273e-07 2.90456095515477e-06
"ABR" 4100.7028845791 1.00822236043793 0.17318009619398 5.82181429965608 5.82122090760906e-09 1.76730027823893e-07
"RTN4RL1" 435.272485110638 1.86372605351151 0.275103706959875 6.77463082597918 1.24724328179196e-11 5.86018740763384e-10
"ATP2A3" 36.8941609064683 2.10880863900454 0.792305502129874 2.66161049410315 0.00777678118512142 0.0392368311184122
"EFNB3" 240.08082282261 1.08058109814068 0.332346285299559 3.25137107269517 0.0011484985197803 0.00838991968211696
"HES7" 41.6875532714601 1.26494662186829 0.492622777986265 2.56777940118627 0.0102352268185091 0.0487130722965307
"PER1" 994.467025031121 -1.01050808967889 0.330650691357759 -3.05611969395682 0.00224221726612764 0.014513277564722
"TMEM107" 515.038395851951 -1.24277198983299 0.205438502678465 -6.04936257629406 1.45420048443646e-09 5.04559627424141e-08
"CCDC144NL" 139.171004328867 -1.24472675840057 0.26907698534242 -4.62591312600208 3.7295160901135e-06 6.26360324623636e-05
"NATD1" 262.780512639101 1.60148630213897 0.257955795949013 6.20837495140258 5.3535296829629e-10 2.01709243687196e-08
"SRCIN1" 1282.58781274356 1.47989024446383 0.228498620962882 6.47658282674811 9.38231243649764e-11 3.94982843826636e-09
"LASP1" 4695.30832013487 1.46691235204057 0.0705317779409028 20.7978927352386 4.52246022634786e-96 2.37986931977846e-92
"LINC00672" 26.5334154912444 2.37090246359715 0.758284207827626 3.12666733544332 0.00176799857738152 0.0119739998031412
"KRT19" 119.813894725866 -2.41601947457572 0.751535789392817 -3.21477634022949 0.0013054619422691 0.0093128457671045
"KRT14" 17.8648532305453 -3.44385054415395 0.833185718488833 -4.13335282606636 3.57509258233683e-05 0.00046111100161235
"PLCD3" 503.199613028767 1.06037426031366 0.210757230416671 5.03125922758278 4.87268772732027e-07 1.00951602560637e-05
"DLX3" 79.5731299919772 2.1952197314117 0.478733063385961 4.58547758511905 4.52949869178347e-06 7.43318044149539e-05
"ITGA3" 314.774634025434 1.03295980259629 0.159383507048732 6.48097047005288 9.11345094168189e-11 3.87800673898469e-09
"CACNA1G" 37.8617972370156 1.65724597291251 0.425148744956236 3.89803802215881 9.69751927329773e-05 0.00107661558908264
"ABCC3" 15.3500868957352 1.95802888549052 0.735969593729663 2.66047524540768 0.00780304629446354 0.039319084535811
"TEX14" 42.8304127142652 -1.38384282805999 0.387281585403808 -3.57322134647093 0.000352616451071599 0.00315575732033296
"C17orf64" 15.2652770695292 -1.83418632002167 0.62524341790826 -2.9335555840922 0.0033510364597023 0.0200161984825275
"C17orf58" 174.863521845243 -1.11256053326197 0.353906221865737 -3.14365915184178 0.00166849658213675 0.0114524154531273
"SLC16A6" 696.078801744353 -1.03864145213426 0.212732368300573 -4.88238560230171 1.04810045518234e-06 2.01621745234334e-05
"ITGB4" 214.379360344017 1.4645336494671 0.491224093410323 2.98139620819406 0.00286937293262242 0.017744859772668
"ST6GALNAC1" 757.808681289339 -4.54506657373504 0.841326158907154 -5.40226465754837 6.58047630080686e-08 1.60070846472786e-06
"SOCS3" 11.5076316459878 2.12111134216569 0.814307099484362 2.60480516933823 0.00919265165297227 0.0447500436772967
"CYTH1" 1857.22996062458 -1.05005594315091 0.14661965561235 -7.16176790052743 7.96431853956565e-13 4.45860626894053e-11
"TIMP2" 1619.2140155536 1.70234006141865 0.159134673488894 10.6974804679349 1.04583257333145e-26 2.46426251271397e-24
"CEP295NL" 204.113543254231 1.70714307067122 0.195395947175232 8.73683971111362 2.39722249474837e-18 2.70321082318518e-16
"METRNL" 111.726038160076 1.59986379828628 0.513843564613066 3.11352308068898 0.00184868049775713 0.0123980964392914
"LAMA1" 159.188037597192 -2.85012272944932 0.491464628084516 -5.7992428479699 6.66150042799044e-09 1.99277653254492e-07
"DSC1" 62.7303098919838 -3.32567970378176 0.686710042604782 -4.84291694812998 1.27946777710314e-06 2.42484487360472e-05
"DSG1" 114.581615452745 -2.65339779002827 0.357938648291549 -7.41299606145636 1.23477554696135e-13 7.70490180232364e-12
"DTNA" 222.507914444495 2.19546402010055 0.616293530049217 3.5623674646158 0.000367525462586406 0.00325779027392004
"ZNF24" 6549.60698122524 1.00361409792658 0.138722749970779 7.23467562557679 4.66643112647141e-13 2.7052846724871e-11
"GALNT1" 3452.79341536959 1.30312546067699 0.128405158449729 10.148544469786 3.36342186946614e-24 6.39739048834482e-22
"SLC14A2" 35.1763434159223 1.85994386359387 0.683654891317548 2.72058883395007 0.00651657599594149 0.0339752923540054
"ALPK2" 42.9225324619616 -2.4366867547505 0.774789300139504 -3.14496696626008 0.00166105584728824 0.0114063021579554
"PMAIP1" 1019.64633197283 1.1712449344209 0.154627472681843 7.57462379813201 3.60169796080278e-14 2.44034359258341e-12
"SERPINB7" 37.7190387947024 -1.70224062008485 0.621849753134577 -2.73738248106447 0.00619302427022193 0.0327145747093507
"PLPP2" 1486.68641204238 1.14850832636012 0.189616216200232 6.05701531955112 1.38670387182512e-09 4.84333938595201e-08
"SHC2" 195.999158191833 1.64944077600127 0.374317097372697 4.4065333578898 1.05038138534191e-05 0.000156733184597284
"LINGO3" 43.8377208931845 1.10570522218624 0.40609094160053 2.72280198575304 0.00647308430370622 0.0337931818461012
"SEMA6B" 17.0193161523175 2.44119218759423 0.720083548589696 3.39015131282387 0.000698540557129784 0.00558655510405669
"NRTN" 56.1522663697489 1.11669249258956 0.373001199329978 2.99380402689179 0.00275522852845808 0.0171517321682838
"IL27RA" 69.6194525514365 1.0656172343464 0.345345053250132 3.08565947106408 0.00203101279443162 0.013398913073837
"MISP3" 57.1666245416733 1.43967608476147 0.35768646480712 4.02496662974879 5.6983395412621e-05 0.00068462470576792
"TMEM59L" 322.336998172339 1.61612402976036 0.205641271375297 7.8589478607673 3.87373426542892e-15 2.94012706001569e-13
"GMFG" 34.3865343913037 -1.41912356124864 0.447890537243015 -3.16846069127523 0.00153248470946008 0.0106508247649445
"SYNGR4" 15.0178666173773 1.91640652994412 0.696695406235252 2.75070929532871 0.00594663900137328 0.0316412503925447
"CA11" 156.16512834761 1.37793616973733 0.272956298940717 5.04819333748588 4.46007673967833e-07 9.35076115395775e-06
"HSD17B14" 193.642888241675 1.02585469940095 0.193330554497708 5.3062212647464 1.11921090357776e-07 2.60725922506169e-06
"BAX" 2565.97432521932 -1.01353956389365 0.182323878523605 -5.55900616036109 2.71315122309471e-08 7.12687493494114e-07
"C19orf48" 11939.0080703721 -1.44067436640554 0.0766572236296033 -18.7937196025605 8.50070017048066e-79 2.68401107182756e-75
"KLK1" 9.43330507872137 -3.06999193485222 1.19986326162133 -2.5586181634596 0.0105089098721164 0.0497016657133316
"KLK15" 110.529655018223 -2.15762890743411 0.477767215838186 -4.51606731459965 6.29986457520042e-06 9.96552725938768e-05
"KLK3" 17777.8284825655 -4.97990635857232 0.3479796303735 -14.3109134095786 1.87040437675279e-46 1.73694552328214e-43
"KLK2" 5587.55788778399 -5.72609490909622 0.809862701376279 -7.07045144734448 1.54430461970951e-12 8.40687483839794e-11
"KLK4" 4059.52505456667 -2.63027877427006 0.283047773106835 -9.29270259009344 1.50419475506959e-20 1.96253905770939e-18
"KLK5" 6.95265939768555 -4.30636892206536 1.40963929543103 -3.05494386828127 0.00225102647623483 0.0145404889444842
"KLK6" 6.95265939768555 -4.30636892206536 1.40963929543103 -3.05494386828127 0.00225102647623483 0.0145404889444842
"LIM2" 42.4245678207836 2.86142552330696 0.512507205111213 5.58319082106569 2.36145399072291e-08 6.30547770395448e-07
"C19orf84" 10.1959966920387 3.84100254793911 1.39859573711897 2.74632793880193 0.00602664889204003 0.0319699953154019
"BRSK1" 100.330509044574 1.0978771105245 0.298533689558068 3.67756520930597 0.00023547088967383 0.00226531318420521
"TGM3" 148.205996955352 1.04579811564602 0.352367369318692 2.96791986632612 0.0029982248465795 0.0183532282485268
"PAK5" 12.8469774955847 2.0603359428764 0.746357402388875 2.76052188439729 0.00577090914671692 0.0308826922897751
"NINL" 326.226379964302 1.01258080785381 0.158706603614984 6.38020589433249 1.76850052739929e-10 7.23298389275974e-09
"MAFB" 2687.2750925426 -1.22911904534524 0.125285815361501 -9.81052038332298 1.01444052890837e-22 1.5399012144112e-20
"SGK2" 94.3021048352291 1.25934198861507 0.344801367049003 3.6523694769345 0.000259831671806034 0.00244019191124441
"SALL4" 22.0357932976958 2.11018731211101 0.604552654872199 3.49049383061116 0.000482128744505876 0.0040957274571477
"PMEPA1" 6220.52251690328 -2.19735902113436 0.16678603784634 -13.1747180370026 1.22684932652419e-39 6.91723939922765e-37
"HRH3" 13.0973771247219 -2.32972237576163 0.757999233590777 -3.07351547669161 0.00211552714170085 0.0138720703515206
"COL9A3" 312.816982545668 1.30090896064967 0.278439170660197 4.67214780723965 2.9806633187318e-06 5.14832952000207e-05
"SRMS" 132.191668439124 1.46510732799874 0.398859316828961 3.67324333714136 0.000239491219941623 0.00229838777460086
"RGS19" 237.99971778571 1.01652123403825 0.252192045887842 4.03074264479511 5.56008965861251e-05 0.000673628065731693
"CU639417.1" 40.8073810813655 -1.8148078417835 0.51157196968863 -3.54751227454486 0.000388887630321331 0.0033984693999389
"GRIK1" 128.9057836706 1.50292357696393 0.269198033023298 5.58296641355421 2.36450421279601e-08 6.30547770395448e-07
"CLDN8" 120.956259752569 -1.12934902915951 0.269343806770042 -4.19296453370363 2.75332502769559e-05 0.000365266741279246
"MIS18A" 1028.16102515891 -1.16492059009884 0.155303804950246 -7.50091467798895 6.33740336309994e-14 4.13423912782061e-12
"TCP10L" 96.1326019916753 1.04976996340274 0.355295741088161 2.95463705865883 0.00313037073339492 0.0189701692060963
"TMPRSS2" 4495.87662290949 -1.61188244252608 0.114257326354053 -14.1074755900666 3.41588372271669e-45 2.83823980686991e-42
"ABCG1" 321.097221495754 2.1244197684311 0.4256773924665 4.99068028048562 6.01670154230837e-07 1.22246675995396e-05
"H2BS1" 47.7937959803957 -1.59607644239185 0.592034964249302 -2.69591584749673 0.00701953979708458 0.0359913851174324
"POTEH" 155.110337703655 -1.99402535548336 0.689099700784548 -2.89366742318005 0.00380771233104817 0.0221082583928861
"PIK3IP1" 929.948617659397 1.18080737980397 0.171540197426037 6.88356080686629 5.8374663144307e-12 2.88890535128268e-10
"SLC5A1" 13.5340654453923 3.65513856888642 0.918023701973486 3.9815296282971 6.84731836759665e-05 0.000799545969447102
"APOL3" 114.094577799059 1.92204777313518 0.328228202762313 5.85582761310438 4.7464035852472e-09 1.47793833136682e-07
"APOL1" 26.7225739872977 2.13012080482129 0.711901671857355 2.99215592409524 0.002770147371777 0.0172310151923733
"TMPRSS6" 43.8454446369062 2.00099456970417 0.555056773725413 3.60502684486482 0.000312120663572585 0.00284162218116791
"C1QTNF6" 583.16246920984 1.1964237403684 0.193201327007115 6.19262692913256 5.91696656639744e-10 2.19275002778677e-08
"CDC42EP1" 185.673916466493 1.11195835999132 0.428630532564656 2.59421174067572 0.00948080783003015 0.0458719596713432
"APOBEC3D" 58.5063617190361 -1.01216709924379 0.387287569407414 -2.613476855951 0.00896261537720046 0.0439145899937504
"APOBEC3H" 15.7606718584909 -2.18460444691679 0.702725544007616 -3.10875912444861 0.00187874818614276 0.0125517552326008
"A4GALT" 72.9513052843098 1.01329354789342 0.310809093201729 3.26017986621693 0.00111341580696276 0.00817938359447234
"CERK" 107.033744700204 1.51054879850915 0.266929311419859 5.65898435984491 1.52271429852374e-08 4.20999835915836e-07
"IL17REL" 24.3725957712331 2.2867602823806 0.616425369540879 3.70971150016717 0.000207495557142827 0.00203209203512023
"TTLL8" 27.192554393798 2.04903838127085 0.567375356039794 3.6114335236075 0.000304509143104638 0.00278017096974739
"ACE2" 38.105308779606 -2.32183879825272 0.496448682759471 -4.67689587843594 2.91250044565243e-06 5.04716185900273e-05
"RAI2" 29.0474067303977 2.10764082976134 0.540478584162565 3.89958250247229 9.63586994833208e-05 0.00107354607533041
"CNKSR2" 302.918848823108 -1.19132763838328 0.234214529834367 -5.08648049813889 3.64769209050414e-07 7.74006922483721e-06
"ARX" 62.0387614829884 1.57575897592368 0.391161448998781 4.02841072390186 5.61551770859015e-05 0.00067776894545499
"TMEM47" 431.958701271086 1.02235494503086 0.26797055225193 3.81517646785942 0.00013608564769076 0.00143608564177408
"MAOA" 15891.1398302541 -1.25342185866336 0.271441035255313 -4.6176579656956 3.88095233333406e-06 6.48344915199416e-05
"EFHC2" 72.066850000462 2.04201935522669 0.311456143008536 6.55636243196757 5.51361349080236e-11 2.4045142590966e-09
"DIPK2B" 130.105683406831 2.02397504143287 0.279773489435053 7.23433462376971 4.67817011204775e-13 2.7052846724871e-11
"GAGE2E" 157.26983138867 -1.35241443814265 0.346912822168753 -3.8984273619174 9.68194341391553e-05 0.00107600693688727
"AR" 11264.203887845 -2.01345451640531 0.0781609135959959 -25.7603759189997 2.46652353318142e-146 1.94695035091676e-142
"SLC16A2" 325.495827440166 1.24784966444367 0.250837078184023 4.97474166689267 6.53347100637582e-07 1.3206646194322e-05
"TAF9B" 1835.12480496996 1.20155979121637 0.0833101372726715 14.4227321014213 3.7230786258516e-47 3.67351514164495e-44
"RAB40AL" 16.5012259755766 1.90834364802323 0.744956298898156 2.56168536442447 0.010416563817444 0.0493684458078621
"COL4A6" 115.774906344188 -1.55287037618299 0.396257884358288 -3.91883780103898 8.89769636704201e-05 0.00100549701178591
"TMEM164" 2783.07903817508 -1.04821738672925 0.272641991541441 -3.84466596947492 0.00012071676021068 0.00129203762267526
"PAK3" 162.366254743534 1.4451052168188 0.389765842130267 3.70762406710801 0.000209212925315866 0.00204637202723766
"LAMP2" 6856.14401146044 1.04748672728912 0.0934018004572148 11.2148451331936 3.44789405726714e-29 1.04676737465532e-26
"TENM1" 322.547840917532 -2.67769895853599 0.27222262165916 -9.83643072062041 7.84445741652112e-23 1.20233445858853e-20
"SLC9A6" 898.103065537091 1.11605085970451 0.111989861815492 9.96564190375779 2.15477384957411e-23 3.50694997559036e-21
"FGF13" 352.569166689789 1.44193503601947 0.19054897111554 7.56726749862715 3.81156516094708e-14 2.57150338443896e-12
"ATP11C" 1660.8529861661 1.30989560897058 0.206820436116415 6.33349215177784 2.3967350432527e-10 9.43572472015721e-09
"GAB3" 11.3712914341542 3.3817978145647 1.1623772858462 2.90938050471521 0.00362145798838056 0.0213169117310082
