"baseMean" "log2FoldChange" "lfcSE" "stat" "pvalue" "padj"
"EPB41L4B" 20.4197856439402 1.03294385194484 0.33711417687396 3.06407716674292 0.00218342582691129 0.0210195471396684
"KIAA0101" 29.8914430570983 -1.37958074370602 0.292471167119824 -4.71698033447794 2.3937081766504e-06 6.92350571273321e-05
"MCM4" 51.4363539144937 -1.4251220270176 0.225507183519787 -6.31963028748728 2.62189815131083e-10 1.96642361348312e-08
"CHEK1" 20.9312042665034 -1.30327368232947 0.342046392860297 -3.81022489794761 0.000138840432104048 0.00219490388988016
"PPAP2C" 28.1176875181954 -2.0294619778351 0.325482556902688 -6.23524036786358 4.51084916369201e-10 3.16249751150146e-08
"SLAIN1" 14.6989134860497 -1.53366758212463 0.414460362893521 -3.70039627292089 0.000215263055811415 0.00319183151720375
"ECH1" 302.552159904399 -1.0334100781902 0.138657904446836 -7.45294747034369 9.12776337212918e-14 9.34509107146559e-12
"CDT1" 16.9364073892817 -1.56577480759915 0.385799435370383 -4.05852021555175 4.93846590143886e-05 0.000924092877843094
"UGT2B11" 248.759521131577 3.60701991427498 0.160473522933532 22.4773523278915 6.91420088575567e-112 4.45965957131241e-108
"NEDD1" 9.59161109833785 -1.49190390178426 0.50640334904689 -2.94607826862164 0.00321830953179882 0.0281794471312191
"ASS1" 135.922430085008 1.0125621002673 0.1676881543917 6.03836391389981 1.55684644151136e-09 1.05701679449982e-07
"BAMBI" 13.154702177287 1.27389210446906 0.431277783035995 2.95376241155166 0.00313925588349517 0.0278134621545932
"TANC1" 15.8336414012423 -1.20857207082184 0.388391599928946 -3.11173586411997 0.00185990830383061 0.018715145958982
"NCAPH" 24.4232547809575 -1.26725361532996 0.315007047171898 -4.02293734920295 5.74767895512875e-05 0.00104724658928193
"PLK1" 51.3338471534415 -1.40239275386918 0.223179184894726 -6.28370766086761 3.30592107435552e-10 2.42308987836285e-08
"NUP210" 24.0533600348448 -1.19987669171007 0.319295453397124 -3.75788843512822 0.000171353244327012 0.00261283315817784
"RPIA" 8.8402651196264 -1.43338672368659 0.527303089943724 -2.71833552850898 0.00656112662280725 0.0489806327744291
"CDCA4" 11.6978478662687 -1.96133948270986 0.486641711046253 -4.03035629332529 5.56923698753493e-05 0.00102340679685471
"SMIM14" 19.1609156448124 1.10482977136938 0.353991573404314 3.1210623483048 0.00180199877639359 0.0182176992284305
"NVL" 12.3362202025342 -1.32371635629108 0.441862654463179 -2.99576427860659 0.00273757965362833 0.0250815181333846
"SLC30A4" 10.0628141522409 -4.24764053538143 0.817987333833732 -5.19279499778272 2.07160253518057e-07 8.19744561467159e-06
"XBP1" 287.399311423883 2.04315983034874 0.128150444348296 15.9434471003136 3.16407980636605e-57 6.80277158368701e-54
"MINK1" 16.3338711285898 -1.06441564464828 0.376626225822635 -2.82618567605949 0.0047105950115689 0.0379317575837945
"PXN" 13.3314575684172 -1.20985722153011 0.421915177169781 -2.86753662109496 0.00413680925539174 0.034208230381124
"DLGAP5" 19.8085263366881 -1.36686080572875 0.350552622310721 -3.89916012243434 9.65269276492309e-05 0.00161713943724036
"TMC4" 23.298055308096 1.05428862769154 0.32288486756521 3.26521535568283 0.00109380880000092 0.0121013151972658
"ELOVL7" 13.5748883100085 -1.37861719948165 0.433045578814446 -3.18353833159066 0.00145486848971827 0.0152336067511085
"FBXL17" 29.1639406143747 -1.03695164533268 0.285946303134792 -3.62638591219649 0.000287415717975091 0.0040476667706099
"ALDH3B2" 29.8354180586777 1.65343962854466 0.316365016600036 5.22636682877936 1.72873225458055e-07 6.96477011365143e-06
"UGT2B28" 62.4059122424526 2.93899292527719 0.251573030259094 11.6824642222194 1.56686211289264e-31 1.12291784757306e-28
"POMGNT1" 21.2983930183172 -1.3387068791824 0.340304907211801 -3.93384535694988 8.35975794364312e-05 0.00143342023698798
"KIF20A" 18.7978322018283 -1.87595086398947 0.379411766030615 -4.94436660100336 7.63918296933491e-07 2.6070227593762e-05
"CEP55" 12.2164388934113 -1.2317233467512 0.439557396259765 -2.80219001484685 0.00507569685720046 0.0402189738684803
"HID1" 48.2355067675151 1.25084859254445 0.228080393925237 5.48424426588138 4.15240692135386e-08 1.96934004725974e-06
"USP22" 55.177236198197 -1.45928040844096 0.219532533627421 -6.64721708590843 2.98686346955008e-11 2.50198303618156e-09
"SPON2" 235.762768637903 -2.60933142179042 0.141932959704149 -18.3842528700128 1.75642795554504e-75 5.66448015663276e-72
"PCNA" 123.976390148388 -1.31956404440711 0.151086482364679 -8.73383259544068 2.46185394968223e-18 4.96217436732824e-16
"TMEM98" 26.0406276816336 -1.12864856191353 0.306344596265064 -3.68424504846486 0.000229381487678177 0.00337018358889349
"BUB1B" 13.2036761201668 -1.53000557494776 0.433694314961228 -3.5278432807784 0.00041896012575627 0.00560641662059739
"KIF22" 49.2420573216753 -1.02498599398442 0.221825688256556 -4.6206821312731 3.82480404494958e-06 0.000103757996390671
"C1orf85" 12.6979962391426 -1.84336247620682 0.459440066753643 -4.01219355819756 6.01571429868461e-05 0.00108992576478977
"ASF1B" 28.127994649345 -1.75917844325669 0.310350119798576 -5.66836721183944 1.44164734086682e-08 7.32175224298504e-07
"NCAM2" 14.5578661200855 -2.01138564516187 0.439416934020467 -4.5773967488203 4.70798032571847e-06 0.000124452758610181
"CRTAP" 21.4245888887026 -1.39220155520684 0.339582533694501 -4.09974429503287 4.13606870603309e-05 0.0007908022210482
"TSC22D3" 22.4328035114677 1.34670142780381 0.330632597264935 4.07310543166047 4.63904112278331e-05 0.00087490687841966
"GULP1" 30.5972591658692 -2.14027759534373 0.314629929184238 -6.80252384410146 1.02801994415013e-11 9.08318991749085e-10
"SF3B3" 40.9822722378899 -1.45697034783445 0.250458938387351 -5.81720244130858 5.98406539203915e-09 3.38572120865373e-07
"NKX3-1" 54.9609853384721 -1.17718810048502 0.215932908717375 -5.4516382309553 4.99079054495859e-08 2.29932850107021e-06
"MCM5" 56.1068850894291 -1.06856641504492 0.209228804689348 -5.10716684842451 3.27024971738118e-07 1.20901433333088e-05
"RAF1" 20.0455066607392 -1.82945489719972 0.367397441943727 -4.97949819008248 6.37493491150556e-07 2.2106629128608e-05
"PTTG1" 105.813968167636 -1.20087238762182 0.165788716978667 -7.24339031935654 4.37605157497841e-13 4.21276606844937e-11
"KIFC1" 11.2104569106842 -1.44062119427449 0.467367895682531 -3.08241367792421 0.00205329273183337 0.0201578966823824
"BRI3BP" 11.7123061834636 -1.29216896019754 0.449315486182515 -2.87586117090264 0.004029268861628 0.033687958239333
"KNSTRN" 17.3318950761103 -1.04400274390004 0.365543327877912 -2.85603009077141 0.00428974476547945 0.035112758549927
"CENPH" 17.3058411714752 -1.6644057535756 0.387439910170196 -4.29590682293017 1.73980653528779e-05 0.000377836772815026
"CRAT" 25.2012781133323 1.42865628078387 0.32635736856935 4.37758242458767 1.20002984425848e-05 0.000276101451002975
"DNASE2B" 14.4291164745391 2.0190165394004 0.442996719755143 4.55763315926215 5.17332917630558e-06 0.000134548278980528
"TUBA1C" 226.262086559559 -1.07865130005289 0.113402716035628 -9.51168841241874 1.87592678988918e-21 5.26075121512399e-19
"BCAM" 13.2803896968466 1.1649762263337 0.426853679004125 2.72921678700686 0.00634849542060207 0.0478921584361209
"IQGAP2" 29.4435600176168 1.00114119268219 0.281808491042278 3.5525586506618 0.000381503960875331 0.00519135136634153
"CGN" 10.5395281109692 1.60473173930529 0.490991159170518 3.26835159723919 0.00108175890585197 0.0119975685597215
"GINS1" 12.3213025072737 -1.96307643146882 0.472652754635851 -4.15331638759038 3.27691166092945e-05 0.000634717123513362
"SMC2" 18.7006210505652 -1.02462266884854 0.350564678799426 -2.92277782336073 0.00346923967206603 0.0297561115489706
"GSTA1" 34.389338824407 1.76448251869846 0.302394534452565 5.83503442578009 5.37794620857289e-09 3.12502279687344e-07
"POC1A" 13.955567496867 -1.11873689247411 0.410617729514926 -2.7245216464367 0.00643947090133985 0.0484650960485905
"SEPN1" 8.83585884295825 -1.88140603079865 0.552334425360006 -3.40628058729522 0.000658544601183365 0.00821454319090201
"FBXW2" 51.5103009004407 1.28021900974393 0.219552263483429 5.83104446035718 5.50815046006986e-09 3.17210450602237e-07
"ORC6" 12.4503575598802 -1.49012120408897 0.449670509696885 -3.31380682512054 0.000920350680263516 0.0105815719923345
"DHRS3" 10.0295992296396 1.32927630640322 0.487491977970031 2.7267654986621 0.00639584753355837 0.0481930100367424
"TSPAN15" 17.0334565827839 1.03510418007515 0.370269534029595 2.7955423953201 0.00518127056031029 0.040904767581397
"RHOB" 56.692420128517 1.81647643293177 0.223879061786187 8.11365037194312 4.91213421130128e-16 7.04072570286517e-14
"TMPRSS2" 35.7569564593609 -1.45375893661459 0.265012744078436 -5.48561897153262 4.12024143945265e-08 1.9685597988496e-06
"YDJC" 19.8024306907433 -1.32272337272744 0.360838988543132 -3.66568861659841 0.000246673923816323 0.00356736952604323
"RFC3" 15.0676090404713 -1.45679091740412 0.405884194978527 -3.58917872493457 0.000331721368289746 0.00456838296418516
"NDC1" 28.1700171446871 -1.13719945089158 0.290567955448239 -3.91371253976476 9.08878277117658e-05 0.00153865220141966
"NEDD4L" 25.9242425171692 -1.18367081042024 0.307031455451737 -3.85521023791746 0.000115630215851629 0.001902589010824
"CBFB" 31.5015654311091 -1.42588166987574 0.296611388490861 -4.80723844465492 1.53029431723635e-06 4.86226519515985e-05
"FAM60A" 23.0545201255818 -1.00411441919011 0.323940444881637 -3.09968833795049 0.0019372436974472 0.0193125530889249
"NOP2" 30.4065615688971 -1.23806413720666 0.28701418493547 -4.31359912571924 1.60618073845829e-05 0.000352376386498502
"TROAP" 30.0361862648519 -1.09920220783988 0.28537838089437 -3.8517360859467 0.000117283384101755 0.00191999448592975
"CCNB1" 139.618161680511 -1.02942092575225 0.139037653367522 -7.40390031634924 1.32241708381353e-13 1.31224464470727e-11
"SLC9A3R1" 127.95271965337 1.18399368839697 0.14605517645634 8.10648220161437 5.21063472585271e-16 7.30621608298913e-14
"UGT2B10" 26.6277175916446 2.62030190711748 0.365108669303019 7.17677263626622 7.13762391788307e-13 6.77024621622732e-11
"CENPA" 10.2137467097604 -1.61311493732418 0.495575241318901 -3.25503536664001 0.00113378246054732 0.0124580866618913
"KIAA0319L" 36.2024806739863 1.02680813789817 0.255081772545573 4.02540772573125 5.68766805288083e-05 0.00103924812864253
"PKMYT1" 20.4296921809097 -1.33970802492099 0.347607583334698 -3.8540816977259 0.000116164804250975 0.00190652159648546
"SLC16A6" 12.4129338558434 1.50870518512228 0.448881650362482 3.36103109562169 0.000776520827211506 0.00930462856499764
"NDRG1" 39.9932414506173 1.34543412754301 0.281656917761269 4.77685454430553 1.78058474337183e-06 5.41734509186239e-05
"RBM24" 9.09389634758761 -1.5926831206188 0.529487856817916 -3.00796911602546 0.00262999863812288 0.0243237454087036
"AC087645.1" 15.3201186574534 -1.36938093157176 0.398383262652566 -3.43734554121069 0.000587445660240388 0.00751790577093354
"NCDN" 25.4573546473048 1.55729476073426 0.315223449449482 4.9402884317584 7.80070928359934e-07 2.63427093608459e-05
"CDKN1A" 60.0215659143343 1.29479080744582 0.222186297372851 5.82750071789094 5.62636080772968e-09 3.21150683273066e-07
"RHNO1" 22.2986077404714 -1.34789366002699 0.336683612885064 -4.00344302021949 6.24272419914628e-05 0.00112160365137865
"TFAP4" 12.7037958814289 -1.52846087805423 0.442997816416347 -3.45026729571445 0.000560031753207051 0.0071956271079392
"AURKA" 24.3063288802939 -1.25668573918186 0.318151456551868 -3.94996066591002 7.81640372778818e-05 0.00135541600222976
"SLC7A8" 30.6610656598255 -1.11491954451575 0.280047280118882 -3.98118326320634 6.85730525255313e-05 0.00121592877060177
"LPIN1" 24.7040378224703 1.69370865116158 0.324849773333473 5.21382124968551 1.84989733113001e-07 7.36533196653615e-06
"TM4SF1" 31.1353463717899 2.62466244531115 0.341983677107171 7.67481789631918 1.6565381391007e-14 1.78077849953325e-12
"TM7SF2" 104.632145121854 1.180920325192 0.161409771401676 7.31628770016174 2.54924815166527e-13 2.49131069367288e-11
"VAMP3" 18.9528198119542 -1.00944060012196 0.347303892102393 -2.90650529140731 0.00365490717302664 0.0310186200868708
"CDK4" 124.533239208146 -1.37221857861898 0.160008865497696 -8.57589093173552 9.83226892866293e-18 1.76161484971878e-15
"FASN" 415.820064220899 1.63432636791949 0.140738151359593 11.6125325800515 3.55915180859182e-31 2.08695719685611e-28
"FGFRL1" 27.7848969427985 -1.42302778555506 0.300280210595142 -4.7389995588943 2.14775972003679e-06 6.3546101808428e-05
"INCENP" 13.4497373579182 -1.42738317474591 0.431961808211233 -3.30441985289567 0.000951731840083951 0.0108628725514476
"CENPM" 38.2445502697933 -1.2285632168992 0.259154847163817 -4.74065305104096 2.13030457492582e-06 6.33201129413434e-05
"SCD" 239.502513947159 1.40869114991414 0.172578958813984 8.16258922637557 3.27918178797863e-16 4.8069823937414e-14
"G3BP1" 57.1404705013231 -1.75233648093205 0.219843173052812 -7.97084783938725 1.57589445582861e-15 1.99304298825383e-13
"VRK1" 16.2014518642423 -1.20361934575606 0.383561117722683 -3.13801188426582 0.00170097980198469 0.0173871944893839
"ARRDC1" 26.1555791156713 -1.2037254965326 0.309889089052506 -3.8843752137677 0.000102593367682259 0.00170548252976952
"ANLN" 22.0675192687851 -1.36653124728341 0.338352369455069 -4.03878137305279 5.37296146458296e-05 0.000992997176119201
"FN1" 28.0429937782702 -1.37476977597842 0.30118211348687 -4.56457974898418 5.00495919434269e-06 0.00013069630284822
"EZH2" 14.2017000676873 -1.46687514668696 0.418892909028386 -3.5017903504009 0.000462143114090183 0.00609575273186437
"RFC4" 31.0397363645675 -1.05990594972599 0.276685046960126 -3.83073086663311 0.000127763192737903 0.00205152722887942
"FANCI" 21.3004431806043 -1.51043681071486 0.34416915086945 -4.3886467072925 1.140581813378e-05 0.00026463139195281
"NR2C2AP" 17.8226518292895 -1.19882324092237 0.366064457868369 -3.2748965794255 0.00105700662016631 0.0117546425863322
"KCNMA1" 63.6491989350801 1.19329732085458 0.196997411557978 6.05742639670869 1.3831659548716e-09 9.49087277544877e-08
"FAM83D" 19.6783548064898 -1.5907770333474 0.360175498028134 -4.41667198922882 1.00232153471483e-05 0.000235089959960388
"DEPDC1B" 12.3265194626986 -1.54668889360168 0.450895742581295 -3.43025836692795 0.000603006777064177 0.00767138799223658
"SEMA3C" 9.96869009846475 -1.3788647806637 0.49642209234872 -2.77760559394099 0.00547610437036589 0.0428651373651213
"PSRC1" 10.2088792429451 -1.81126875724127 0.509129003484873 -3.55758313677584 0.000374282662103931 0.00510385448323542
"FXYD3" 45.2266404655196 1.13505383877944 0.245828822553165 4.61725287942575 3.88853311890812e-06 0.00010494158417137
"NUSAP1" 30.6450708141552 -1.48887623660027 0.288301814518356 -5.16429714147869 2.4134405223585e-07 9.32137207737265e-06
"OAZ3" 16.5632145421916 1.84802195415267 0.40280730879101 4.58785606373267 4.47821213357476e-06 0.000119357306865939
"ABHD2" 116.209530198727 1.25772571715156 0.158869850533435 7.91670485575777 2.43887755807748e-15 3.02514620184611e-13
"CDK19" 10.0809439892363 -2.11916954797585 0.540533212353013 -3.9205168147778 8.83592701861561e-05 0.00150373955857706
"RAD51AP1" 10.4702372695412 -1.30270740690377 0.478718365780435 -2.72123966829646 0.00650375894064592 0.0487215391023998
"HIST2H2BE" 12.539784864075 1.52858315416942 0.447357311812543 3.41691778318343 0.000633344034329145 0.00796309750764714
"PERP" 21.3070116239544 -1.05767085067707 0.335196620037276 -3.15537445025385 0.00160292237484106 0.0165686687784052
"BTG1" 13.8181208622015 -1.61876428799229 0.432393025065169 -3.74373358068926 0.000181305896346514 0.00273869562396959
"GLYATL1" 66.9277048030163 1.42928541638262 0.199238589841753 7.17373786633324 7.29772828315631e-13 6.8217894820809e-11
"SPTSSA" 9.20969694013978 -1.83916523863376 0.537073269614382 -3.42442147596413 0.000616109865999882 0.00777672922837425
"ERBB2" 53.2660078035632 1.38189369664917 0.21949130885062 6.29589255212674 3.05636036958463e-10 2.26592234296792e-08
"TYMS" 77.0703254678094 -1.62562886146023 0.189488942517073 -8.57901701210754 9.56873253003159e-18 1.76161484971878e-15
"ZWINT" 43.7549689712204 -1.03663169441258 0.234642097412672 -4.41792715733112 9.96519915363037e-06 0.000234582242850058
"RRM2" 43.1244122493933 -1.12090262861202 0.237413862499404 -4.72130235703839 2.34339275025435e-06 6.80850596357682e-05
"NUP50" 22.5669673048143 -1.21449508910226 0.328189535172991 -3.70059053973824 0.000215098315431037 0.00319183151720375
"UNG" 22.684468797272 -1.00450513037699 0.320163350020433 -3.13747694829179 0.00170408673417978 0.0173913915118031
"ARHGEF26" 14.6873938204986 -1.87637126388048 0.42888518302579 -4.37499670807617 1.2143431079022e-05 0.000276767245440607
"WASF2" 17.8047194108974 -1.83427151456442 0.388477269584121 -4.72169585759309 2.33886253420649e-06 6.80850596357682e-05
"TPX2" 30.6267547133586 -1.84591069300897 0.299587770290671 -6.16150215750798 7.20580890058755e-10 4.99757714073008e-08
"HIST2H2AA4" 29.4373464224914 1.11231623382262 0.28966837396825 3.83996436540408 0.000123052170111677 0.00200425883136443
"SPAG5" 22.0482714449736 -1.40745370662991 0.334093816810958 -4.21274993971618 2.52280309345346e-05 0.000510096550243724
"FDFT1" 330.323083627293 1.49490707614808 0.120390676890311 12.4171332428848 2.10987123820407e-35 1.9440956409166e-32
"TACC3" 40.7572064202566 -1.08164787773459 0.245709996065445 -4.40213216822686 1.07192221740899e-05 0.000250503561677101
"MIS18A" 12.3274077987966 -1.54677710474973 0.451263534564266 -3.42765808950922 0.000608811708654662 0.00771480455957283
"TCOF1" 19.9280796539158 -1.42525019815532 0.352455661955743 -4.04377160589998 5.25981594661141e-05 0.000974879679759873
"ATAD2" 23.6700540968822 -1.38943085780981 0.325235061598328 -4.27208201656247 1.93656318792036e-05 0.000405591402317565
"CDCA5" 14.8067139394745 -2.12177154942499 0.441479320160119 -4.80604968915746 1.53941654341913e-06 4.86727289463401e-05
"CCNB2" 30.9020626296945 -1.29897466290852 0.281085797838786 -4.62127461755837 3.81389522773338e-06 0.000103757996390671
"TAX1BP3" 11.957360833079 -1.56659134740938 0.464677661642065 -3.37135067322454 0.000748005775961794 0.00905185226070088
"RFC5" 17.8141452243871 -1.39571741687062 0.370898368889108 -3.76307240458076 0.000167838582847505 0.00257139871583469
"PRC1" 25.8068576142666 -1.10808408757714 0.303077735180031 -3.65610521313592 0.000256076287103308 0.00367042678181408
"FIGNL1" 12.204961331781 -1.45065805350564 0.449316856943177 -3.22858586560686 0.00124403905725685 0.0135770760055951
"RPP25L" 21.0403203515756 -1.67072915775724 0.355138625121395 -4.70444226444292 2.545608896437e-06 7.26512273540649e-05
"CDC42SE2" 16.0716927776589 -1.29468980312302 0.385325272624239 -3.35999192138526 0.000779447516897752 0.00930462856499764
"HOXB13" 45.5239011248576 -2.33128284498612 0.263771687579334 -8.83826033938894 9.72205221743279e-19 2.06920724078256e-16
"DEK" 60.7868991395115 -1.32384890971995 0.211647587371855 -6.25496811071138 3.97597144897267e-10 2.81813360943667e-08
"LIMCH1" 217.424515571854 1.31553075374743 0.120816842343442 10.888637115741 1.30579721306573e-27 6.01599430305283e-25
"PPIH" 30.0386672738822 -1.07194759155484 0.282415991800729 -3.79563347216965 0.000147266938294717 0.00229993160290781
"ANP32E" 16.5683689343864 -1.41071234528311 0.385809969691701 -3.65649531143637 0.000255687085698194 0.00367042678181408
"UGT2B15" 200.468664841288 2.17421209131301 0.187352834538591 11.6049063077568 3.89113563843317e-31 2.09148540565783e-28
"SCAMP2" 18.0553325944214 -1.42360840045319 0.377571815244094 -3.77043079747054 0.000162965988966031 0.0025026919734069
"PSIP1" 27.790918781793 -1.0197163041112 0.303609748780443 -3.35864150676076 0.00078326607155738 0.00930462856499764
"GALNT1" 26.5369526142994 -1.16817627519617 0.307665374845886 -3.79690524415146 0.000146513760904103 0.0022993035470352
"POLA2" 12.0784516758051 -1.5071865999956 0.454811922820759 -3.31386783057045 0.000920149908609408 0.0105815719923345
"GPR126" 137.721245448081 -1.65433000319503 0.155552593748918 -10.635181087789 2.04431223227223e-26 8.24113368634744e-24
"EMC3" 44.8739584162847 1.15515686422659 0.241409623536157 4.78504894422148 1.70945670917686e-06 5.25047417818608e-05
"FOXM1" 35.2717390514885 -1.2499826686899 0.263203961474392 -4.7491027934681 2.04321075594443e-06 6.12963226783329e-05
"SLC37A4" 16.5684920935835 -1.35705520812857 0.384616176447991 -3.52833627711984 0.000418180544401385 0.00560641662059739
"FEN1" 24.2605012712426 -2.02838713770778 0.34970935617678 -5.80020837841816 6.62325631971052e-09 3.71478289235938e-07
"CHTF18" 13.5829269325537 -1.24811761920882 0.420264362839109 -2.96983929538332 0.0029795557434404 0.0266179148825354
"NUDT8" 297.242113528377 1.91484814596656 0.128723558940241 14.8756619357884 4.74271014035336e-50 7.64762010131979e-47
"NCAPD2" 42.3556403910341 -1.47685924228607 0.247694079385935 -5.96243255368636 2.48510239606394e-09 1.57146180927573e-07
"BAX" 32.6616080548476 -1.11592860862417 0.273599278071385 -4.07869719719439 4.52887782768077e-05 0.000859154764368853
"MYBL2" 38.470425922419 -1.752728305846 0.265940755102753 -6.59067206592232 4.37840030956414e-11 3.62060025598574e-09
"THOC6" 15.8121928543616 -1.43296575091298 0.398810505716777 -3.5930993049883 0.000326767981964877 0.00451317662456843
"PRR15L" 17.5423774433828 1.2912369096843 0.369335761849419 3.49610582852453 0.000472101422492698 0.00620173966410977
"KCNN2" 8.45027112665013 -3.63655350769194 0.772511263351416 -4.70744399494622 2.50842165497488e-06 7.19080874426132e-05
"RMI2" 8.8303667349594 -2.27797380771247 0.581397827972534 -3.91809824205274 8.92503326563845e-05 0.00151490696219389
"EFNA5" 30.0480891603515 -1.07158298108093 0.285655712037719 -3.75130948174224 0.000175913399031392 0.00266974452647642
"HMMR" 32.0156188860325 -1.48517870667489 0.284103229875342 -5.2276023307674 1.71722359879363e-07 6.96477011365143e-06
"THRSP" 9.19753021433864 5.17135778079972 1.11320927707976 4.64544977056384 3.39336333144646e-06 9.43413512406451e-05
"TRIM14" 9.33686520486617 -1.86422009973705 0.539658025378137 -3.45444709810587 0.000551422386713714 0.0071133487886069
"HADHB" 33.1293507635707 -1.58021095884439 0.278129969249676 -5.68155586795409 1.3347489917428e-08 6.942847578017e-07
"EXOSC6" 14.5818358182372 -1.09353223757706 0.401993233428854 -2.7202752351069 0.00652275988917363 0.0488071940663224
"CDC20" 74.9100138657037 -1.18411159457915 0.183078674207459 -6.46777457672299 9.94567142549815e-11 7.91970132030408e-09
"LRRC26" 106.40411814267 1.34603121234543 0.16412942137039 8.20103550665572 2.38325120066082e-16 3.57487680099123e-14
"KIF2C" 17.2991549285431 -1.66456618151864 0.389640411795202 -4.27205734089396 1.93677754905132e-05 0.000405591402317565
"YES1" 12.2024077987966 -1.68626425759111 0.457985578385722 -3.68191562610934 0.00023148802749154 0.00337982381759363
"TOM1L2" 20.5612469627436 1.37876004092143 0.345398144820455 3.99179920794923 6.55738849929146e-05 0.00116837447017762
"EI24" 69.8791112512096 -1.31983000733913 0.200803586100061 -6.57274121928008 4.93972688178465e-11 4.03306815031785e-09
"ST6GALNAC4" 14.9209423913729 1.28339320937157 0.408145098090727 3.14445332156429 0.00166397455097133 0.0171278078720818
"GNG10" 16.9221501148532 -1.92872630107859 0.405062288957829 -4.76155483651896 1.9210708113848e-06 5.81732710489763e-05
"FAM65B" 22.7289317803841 -4.2542567125453 0.552926108003599 -7.6940781977284 1.42517877218115e-14 1.58489708285662e-12
"HJURP" 9.09153698853025 -1.48766603690156 0.526266101359064 -2.82683234405506 0.00470109336415513 0.0379025652485007
"G3BP2" 56.2177850913633 -1.10301675849605 0.21019519393187 -5.24758315289347 1.54107499102743e-07 6.4128604465335e-06
"PARPBP" 10.0887467097604 -1.40405991941684 0.489866472355194 -2.86620946452277 0.00415419277611043 0.0343004509823196
"KLK4" 40.2046156106806 1.03966145997103 0.242789467434973 4.28215223236355 1.85094276228125e-05 0.000393155030673308
"PRRC2B" 47.113424485862 -1.21117258019752 0.235015526552117 -5.15358537355586 2.55552648567932e-07 9.63926656879041e-06
"UBE2S" 159.933092341273 -1.04570573215666 0.133253726469004 -7.84747833975133 4.2448569718025e-15 5.07024582743077e-13
"ACSL1" 87.2609501320874 1.42251878400802 0.183778175706614 7.74041193160469 9.9095223974026e-15 1.12134069233766e-12
"CDC45" 17.3083168208904 -1.60786449365429 0.384151766521394 -4.18549290613439 2.84547955655259e-05 0.000568214957887437
"NUF2" 14.0828796952457 -1.19708449959024 0.407241471450098 -2.93949556592967 0.00328746974479711 0.0286156273332542
"PRUNE2" 17.4481970010502 -1.3539491475292 0.375978532922166 -3.60113418446017 0.000316831991124301 0.00440423780765461
"CDC6" 23.2974877919751 -1.31929987617609 0.323540117969914 -4.07770104200422 4.54831968837124e-05 0.000860312668328285
"MCM7" 93.1895321546436 -1.3671077107268 0.16995919157476 -8.04374095957881 8.71366163070063e-16 1.14700239832692e-13
"MLF1IP" 20.4290421764507 -1.56619130832946 0.352989981116562 -4.4369285025466 9.12515856223736e-06 0.000217185508215612
"TDP1" 14.3195850929508 -1.54916028800743 0.420763746372535 -3.68178176319362 0.000231609632151378 0.00337982381759363
"GNMT" 16.6627598388354 1.39389498966753 0.38660608196156 3.6054657562426 0.000311593578955919 0.00435469635693512
"IL17RC" 20.9298681045002 1.12438503672683 0.338438092521053 3.32227684050336 0.000892860595957264 0.0103392295223058
"MLH1" 21.9212212060571 -1.47978901297976 0.336629064187837 -4.39590389068143 1.10312738718255e-05 0.000256865402430595
"NCAPG" 12.8326989406584 -1.47409610232107 0.438479129081007 -3.36183869323626 0.00077425338915375 0.00929969154570146
"BCL2L12" 22.9269834098721 -1.21139074899901 0.328491610557356 -3.68773725132165 0.000226257102028628 0.00334715208276296
"SLC22A18" 10.77936776684 1.38856986927428 0.475292034203832 2.92150881846841 0.00348340414158124 0.029837923921911
"EFNB2" 13.3316908432983 -1.27495346625155 0.424308793498921 -3.00477738332517 0.00265775295012793 0.0245243297973178
"LSM4" 163.10968545804 -1.46028834398655 0.167348315250341 -8.72604150093809 2.63741932079748e-18 5.15495594519507e-16
"GTSE1" 12.4603318664363 -1.34388195060454 0.438934336259077 -3.06169246648165 0.00220089447352857 0.021156139127063
"TFPT" 18.7891295219994 1.19578156291112 0.35603333121304 3.35862251670926 0.000783319893146313 0.00930462856499764
"FAM188A" 17.1645147136281 1.00397991600681 0.366229467838067 2.74139577553254 0.00611787665663386 0.0465642445754949
"RB1" 9.34057076886299 -1.54050796793013 0.514130935417351 -2.99633393326081 0.00273247024361617 0.0250703173134059
"AIDA" 48.2556649067907 -2.40311561574815 0.261373741479749 -9.19417383759779 3.77887180418563e-20 9.37450889884513e-18
"CGGBP1" 17.7114076947008 -1.0421981477617 0.362813240367061 -2.87254717249927 0.00407177284831602 0.0338876578988882
"H2AFX" 94.1331045278604 -1.64883368966129 0.177315067450976 -9.29889215487652 1.41916619304641e-20 3.81400914381223e-18
"PYGB" 49.4846417563831 1.04704056221514 0.22105764379394 4.73650467020786 2.17435732922373e-06 6.40392912031645e-05
"NDC80" 22.5479166733782 -1.45132442564368 0.331473054021216 -4.37840846499332 1.19549132419313e-05 0.000276101451002975
"WRAP53" 12.4577750121462 -1.20290498620625 0.435895849696574 -2.75961559864263 0.00578694093956548 0.0445584316932411
"LIMK1" 13.0771710530111 -1.51161535817912 0.43714555676212 -3.45792227507802 0.000544358407328379 0.00705042515515671
"RAI14" 17.8039803644069 -1.71765410842049 0.402716019477822 -4.26517452831321 1.99745999602438e-05 0.00041694553315072
"PBK" 22.684743949846 -1.07719524576814 0.320286371685297 -3.36322535392345 0.000770374486002261 0.00928769240133567
"CENPN" 59.2864919825423 -1.30360624403042 0.225527914787498 -5.78024341358688 7.45926219836395e-09 4.14760699822823e-07
"RAP1GAP" 11.1746563762424 2.44055880061928 0.540305926561754 4.51699431866279 6.27235876504316e-06 0.000156203529090843
"CHAF1A" 16.0751800719677 -1.35053264198452 0.388702896519857 -3.47445993862186 0.0005118827935621 0.0066834899159424
"WTAP" 40.3745495184357 -1.29352590082459 0.247307562575138 -5.23043406904139 1.69112482880198e-07 6.96477011365143e-06
"MMP16" 9.68890013317026 -3.56594325603562 0.710472501740793 -5.0191150921371 5.19100439656069e-07 1.83966914053936e-05
"GGT1" 43.6261890767709 1.30965062730308 0.247068469813859 5.30075985936111 1.15321694145633e-07 4.95883284826221e-06
"ST7" 25.5415500619279 -1.28784738111277 0.307629782608718 -4.18635468319013 2.83470274294133e-05 0.000567820891055017
"ACADSB" 43.8797024248609 1.28142479107493 0.243079438621441 5.2716297122545 1.3521767209081e-07 5.73785516437977e-06
"TRPM8" 8.33818423444867 -1.90225469150361 0.572548975244463 -3.32243139670523 0.000892366117647079 0.0103392295223058
"ATP6V0E1" 40.5866375414729 -1.6747467771102 0.263225147014392 -6.36241178362276 1.9861011230771e-10 1.52504193379135e-08
"ARHGAP11A" 11.7058531387833 -1.60742644697712 0.465754534850717 -3.45123090962995 0.000558035913043356 0.00718429468888153
"CDK2" 20.6531822195147 -2.16163391980805 0.376401738344782 -5.74289037376338 9.30739871011301e-09 5.00272680668574e-07
"TUBA1B" 818.809895240492 -1.29860576455728 0.0883653210425839 -14.6958755905099 6.85071995905716e-49 8.83742874718374e-46
"CTDSP1" 32.7649613185686 -1.30723434574028 0.27948475609304 -4.67730105932898 2.90675347632596e-06 8.25927749881166e-05
"BIRC5" 33.6475227044869 -1.22906826096826 0.2700546877524 -4.55118284077013 5.3345164410141e-06 0.000138183257206992
"MLPH" 34.8197780139214 1.17750472050949 0.273047794101061 4.31244912410342 1.61456041972421e-05 0.000353014057871903
"PRR11" 14.8297418895464 -1.18559788412822 0.398453095307499 -2.97550175438658 0.00292509677083091 0.0262404369566889
"GGH" 17.9356291688677 -1.30978999651035 0.371129280745582 -3.52920145206286 0.000416815706200544 0.00560096105206981
"AADAT" 37.2147880244227 -1.7730664401463 0.274725305884104 -6.4539611101363 1.0896378391433e-10 8.57093178350523e-09
"SOD3" 16.1802921333748 1.74231746169423 0.403463273072497 4.31840412245196 1.57161467336464e-05 0.000347406835458947
"BARD1" 8.21453391029245 -1.87386113304892 0.570108738344879 -3.28684864310106 0.00101315272899239 0.0114045987818516
"RNPEPL1" 12.5845194522274 -1.36378269824466 0.437754021360908 -3.11540872658319 0.00183690186985612 0.0185125266571437
"HMGB2" 100.107503472789 -1.74383152068121 0.170802434809885 -10.2096408790789 1.7952805865751e-24 6.09450514916286e-22
"BLOC1S6" 16.4555541541567 -1.13213053528813 0.381933520973296 -2.96420835857265 0.00303462738244753 0.0269977194714297
"SOCS2" 10.0285589767941 1.60486678674313 0.508019279374284 3.1590666966809 0.0015827526399873 0.0163864438650371
"LRRN1" 9.45521119404886 -2.25775023864565 0.559825922856784 -4.03295050562214 5.50808840100172e-05 0.00101506200532746
"ACOX3" 9.15294918754509 1.52642109612405 0.51814627823666 2.94592697127676 0.00321988411406334 0.0281794471312191
"ETV1" 59.9625190906759 -2.33236957804883 0.243888698740008 -9.56325401750247 1.14111234662564e-21 3.34553392533427e-19
"ACSL3" 184.118489853437 1.09476689319816 0.141259915113853 7.75001805937516 9.18794808027026e-15 1.05825473424541e-12
"PMEPA1" 16.06524221052 -1.58119688178409 0.414290172605174 -3.81664105581138 0.000135280750529331 0.00215447121213378
"HMGN2" 138.644202297534 -1.38656760812537 0.143212463751545 -9.6818920071851 3.59991272269601e-22 1.10568747911377e-19
"RACGAP1" 36.3623356687151 -1.59271289114643 0.271412580715675 -5.8682353152042 4.40457839701916e-09 2.68014440195977e-07
"SLC22A3" 11.9389593910433 -2.78799879025284 0.548807480022622 -5.08010348207704 3.77229325410308e-07 1.36692648814409e-05
"DOPEY2" 14.5486565986551 1.41193614393114 0.41531277513832 3.39969350439774 0.000674614264554996 0.00829778519396591
"CREB3L4" 49.0946990043645 1.0137760150638 0.224093500949862 4.52389743909004 6.07111521503394e-06 0.000152963645066285
"CDC73" 11.5895878851797 -1.27062544882237 0.45098017060453 -2.81747520543779 0.00484028517419637 0.0387342920267575
"TOP2A" 25.4154756882568 -1.41871168644135 0.312002221347906 -4.54712046700264 5.43848721469232e-06 0.000140312970139062
"CCNA2" 22.8014346139483 -1.43234445748949 0.330007505247176 -4.34033903688544 1.4226304693754e-05 0.000318609948870532
"DYNLL2" 17.3148475229119 -1.44399391963203 0.376968814977821 -3.83053945647199 0.000127862627288299 0.00205152722887942
"GINS2" 9.71417740324488 -1.51732678953784 0.504479127237646 -3.0077097497496 0.00263224407678683 0.0243237454087036
"SLPI" 17.7788529604817 1.08083869383865 0.374375683181778 2.8870429955619 0.00388881085217341 0.0327880130673444
"MME" 111.028078126953 -1.84710778984247 0.171404253241515 -10.7763241279656 4.45327881120488e-27 1.9149098888181e-24
"CDK1" 66.6642852434684 -1.22273880820344 0.194779843447397 -6.27754282251313 3.43965546335083e-10 2.49278401557448e-08
"CENPW" 25.4143916690076 -1.1431563940366 0.310431930347147 -3.68247039780426 0.00023098469646034 0.00337982381759363
"WDR77" 20.6756442233706 -1.32177804549706 0.349759954226933 -3.77910057890579 0.000157395844442081 0.00244039229964284
"DGKH" 12.5632246341757 -2.87197822965922 0.543216846441003 -5.28698299486767 1.24350194460615e-07 5.31164737927793e-06
"TUBGCP3" 9.09057076886299 -1.70063320459478 0.532564427632548 -3.19329102049632 0.00140661108842 0.0147522626346488
"ECT2" 24.8008388106046 -1.12485463068357 0.309051192635016 -3.63970325140278 0.000272952416774429 0.00388640858321207
"FAM64A" 17.1692839141942 -2.08762277597158 0.407990880981712 -5.11683685416771 3.10702144629885e-07 1.15885130954005e-05
"LONP2" 60.7738491399532 1.08260385610679 0.202246497450565 5.35289297838848 8.6559048815759e-08 3.8503852749079e-06
"MCM2" 47.2711179411551 -2.15358393812369 0.256543060020664 -8.39462949397356 4.6736566816844e-17 7.35245990167424e-15
"SKP2" 14.5827984903708 -1.26810629753797 0.405756087330081 -3.12529210807962 0.00177628575189212 0.0180142187102267
"PIK3R1" 13.086983643983 -1.17064852520933 0.424724510724056 -2.75625374955084 0.00584676191454116 0.0449305299653073
"PRPS2" 15.9187503496916 -2.02314866854372 0.426710911262338 -4.74126303112016 2.12389976675343e-06 6.33201129413434e-05
"DHFR" 42.3781974324116 -1.02549559839059 0.237479782914061 -4.3182437924061 1.5727565264188e-05 0.000347406835458947
"PPP6R3" 24.0628666007534 -1.20016482116361 0.318096730094849 -3.77295554344663 0.000161325042469918 0.00248781352233899
"MEX3D" 10.2068290040286 -1.91579950086122 0.515182610827318 -3.71868044572524 0.000200266207593212 0.00299702329228821
"SMC4" 41.8913418497511 -1.05861631447104 0.237997869810571 -4.44800751920015 8.66704965849525e-06 0.000207046186286276
"SPDL1" 13.5755435974533 -1.3780646711079 0.427237514110398 -3.22552356849405 0.00125742482262076 0.0136999832869999
"NGRN" 31.2744768645953 -1.21214455223924 0.283123489957992 -4.28132809615723 1.8578120864144e-05 0.000393155030673308
"CSK" 17.0743204970802 -1.06087486802807 0.368431784210654 -2.8794336251443 0.00398390148153594 0.0334150384342092
"LMNB1" 64.4222431075447 -2.41302183623151 0.230762636387482 -10.4567267648118 1.36489552865821e-25 4.89087564435857e-23
"TAGLN2" 96.2007082804978 -1.76524430070943 0.194405279560627 -9.08022819492886 1.08347453440387e-19 2.58830027663147e-17
"HMGCS2" 30.3092272603599 4.27388822615865 0.483705383235538 8.83572599000309 9.94502704872238e-19 2.06920724078256e-16
"CDCA7L" 19.0532386657307 -1.6813096138019 0.372205486145017 -4.51715430424053 6.26762335911845e-06 0.000156203529090843
"WDHD1" 10.0903715381781 -1.49556653558206 0.493352292811647 -3.03143728603899 0.00243392475456508 0.0227849269476702
"TFPI" 12.7024402571394 -1.52790719595258 0.454656446478934 -3.36057523826041 0.000777803427803629 0.00930462856499764
"ARG2" 46.5419050988866 -2.20303176876788 0.262260767581951 -8.40015755722778 4.45879977432493e-17 7.18981463609895e-15
"CDCA7" 8.45657406300436 -2.51728053617168 0.622202231483041 -4.04575941518508 5.21537746512672e-05 0.000969428952451509
"PVRL1" 8.34502247075763 -1.77434548005758 0.559711157440178 -3.17010918305167 0.00152381667344189 0.015878218972052
"USP40" 9.9615462129192 -1.66391298093384 0.504954912280042 -3.29517139148268 0.000983616684433141 0.0111303993238487
"SPDEF" 68.3220731808834 1.37679957643524 0.194566413738016 7.07624481524907 1.48113109899433e-12 1.36475651264477e-10
"GNPDA1" 18.6926699608272 -1.11424008619198 0.372878505350385 -2.98821216617182 0.00280614679141502 0.0255284158034229
"CORO1B" 96.1822399252617 1.57192673533677 0.169622578160852 9.26720223439902 1.91092476549365e-20 4.93018589497362e-18
"TUBB" 435.636920864853 -1.12795365123501 0.102265090347228 -11.0297037572175 2.74768634126178e-28 1.36327514624142e-25
"TMEFF2" 24.3364822949116 -4.73566732873317 0.603641110708905 -7.84517032508222 4.32366252170153e-15 5.07047695726816e-13
"NASP" 63.5562861430749 -1.12366596768505 0.20337248992239 -5.52516207139845 3.29181594990555e-08 1.59640698322487e-06
"TMSB15A" 8.34555973239254 -1.65243453874346 0.55448223671789 -2.98013972192258 0.00288116933694027 0.0259546679095876
"C2orf76" 34.8243916877884 1.05877385489612 0.260890060981723 4.05831426046659 4.94282236985841e-05 0.000924092877843094
"RAC1" 72.2717029532208 -1.14482044105163 0.1912697881229 -5.98536994413373 2.15898577668763e-09 1.4209651285342e-07
"AGR2" 14.0536166513755 2.05116726452596 0.456606331983299 4.49220065700048 7.0490959432593e-06 0.000172222230431903
"MDC1" 11.2062445817151 -1.60938727479424 0.477981530751976 -3.36704908296832 0.000759771643745907 0.0091770170452455
"EIF1B" 41.6238084612173 1.19400258324075 0.260484817391728 4.58377035251602 4.56665772390978e-06 0.000121213754400074
"FECH" 114.307372087109 -1.71664533499082 0.161563487173878 -10.6252060104603 2.27509286939348e-26 8.63197000446351e-24
"SPC25" 10.0893276611696 -1.4954429789698 0.493291231141034 -3.03156205617255 0.00243291905172791 0.0227849269476702
"RMI1" 13.5781713168747 -1.31226003261733 0.422327314797437 -3.1072108922122 0.00188861614641415 0.0189154878018188
"APOBEC3B" 18.4401855538619 -1.22189386538316 0.35944665239715 -3.39937472566331 0.000675401120439085 0.00829778519396591
"TSPYL1" 22.7946286097541 -1.39238857986717 0.328568020595591 -4.23774832785981 2.25772642381129e-05 0.000463768644381619
"SLC25A16" 20.9425837170661 1.45833887166318 0.345275225983458 4.22369970944004 2.40324216575404e-05 0.000492092443463923
"RAD54L" 9.95683428701446 -1.87131935963428 0.520067243506461 -3.59822577368504 0.000320395433266494 0.00443465782096327
"CBX1" 40.3429730091392 -1.49556612876689 0.258958700578091 -5.7753075120791 7.68126678446727e-09 4.20177040291567e-07
"UBE2C" 80.4277574156201 -1.60803230789502 0.191044324593895 -8.41706400498018 3.86036791509927e-17 6.38445462881803e-15
"GNB4" 12.8193281902464 -2.03445595504642 0.46793881589187 -4.34769650636664 1.37574793184202e-05 0.00030918376865439
"POLD4" 28.9297430056216 1.07562652558042 0.289012057245821 3.72173581901997 0.000197857967032288 0.00297278798480397
"EIF4G1" 154.399276350763 -1.10949157255312 0.14749671136717 -7.52214447541962 5.38849905285177e-14 5.60577724046676e-12
"RRM1" 55.4769017080827 -1.01511723213588 0.207631563241037 -4.88903139913002 1.01333333512521e-06 3.35179487772185e-05
"TOMM34" 22.2647206186497 -2.07366614646109 0.364045552964749 -5.69617216739326 1.22527150228309e-08 6.47786982764421e-07
"NUCB2" 69.6574133659044 1.07027590497123 0.188146636704863 5.68851999544443 1.28145109512514e-08 6.71980452321718e-07
"MGME1" 11.46435642238 -1.24848491812336 0.452404493400834 -2.75966515880113 0.00578606320549028 0.0445584316932411
"ZWILCH" 15.5748323188103 -1.34372158965873 0.395502220216326 -3.39750707069042 0.000680028305981684 0.00833875013988948
"BRCA1" 9.34238954497979 -1.6442231378812 0.522487137600746 -3.14691600913173 0.00165002351975328 0.0170282427238539
"TRIP13" 17.9394980343023 -1.41018479663161 0.369984294620061 -3.81147204661683 0.00013814167937964 0.00219374591257981
"TMPO" 44.9898553665807 -1.19017684769675 0.235499054816055 -5.05384978562389 4.32992204172484e-07 1.55155539828473e-05
"SRM" 147.005411206283 -1.8275760423532 0.150247324595905 -12.1637842621726 4.84606415718594e-34 3.90713922673116e-31
"TOB1" 53.573880344894 1.74783891251226 0.229873120548103 7.6034940855406 2.88240432217466e-14 3.04778817672567e-12
"NETO1" 37.0067662854235 -1.27586435191208 0.262972054601858 -4.85171077909305 1.22401031416521e-06 4.00754646008405e-05
"AZGP1" 9.79236207951346 2.62600234960575 0.586163264078426 4.479984520583 7.46484527052312e-06 0.000181691516961789
"TONSL" 9.83770811573766 -1.54191022647481 0.502478691524952 -3.0686081867379 0.00215058444095558 0.0208339342810589
"DDC" 17.1631857177387 -2.54210918715046 0.451283505257535 -5.63306470884582 1.77034993295244e-08 8.78365928272557e-07
"ARPC5" 30.5110304951516 -1.39090882091811 0.289586120662825 -4.80309214314036 1.56233944055839e-06 4.91089794783342e-05
"AURKB" 27.0326948601038 -1.5745729243044 0.311232375652688 -5.05915530478585 4.21117782407111e-07 1.51743558465132e-05
"SCP2" 78.1726775068556 1.0510838130943 0.182097839561433 5.77208282989926 7.82976083997106e-09 4.24386196788347e-07
"GPRC5C" 20.4155331727305 1.03308330526714 0.337759364795745 3.0586370444292 0.00222346355175225 0.021309568958101
"SAT1" 83.3519005698886 2.32071710648997 0.199682689225178 11.6220245004461 3.18498190508567e-31 2.05431332878026e-28
"FANCG" 13.333276344534 -1.27490875659734 0.423033093088902 -3.01373291457701 0.00258054874482418 0.023914568109362
"STRADB" 14.6982548772992 -1.28587170417662 0.404509525344684 -3.17884159360876 0.00147864874772921 0.0154362175848879
"CHEK2" 10.7100751899598 -1.61141239627479 0.487158513278327 -3.30777837675629 0.000940391974270997 0.0107735847851651
"RASSF3" 99.859308091137 -1.65858844327428 0.168166315535717 -9.86278636117238 6.03509254310068e-23 1.94631734514997e-20
"TK1" 81.7062042519112 -1.2755625674454 0.194663405204365 -6.55265721929741 5.65221594643961e-11 4.55709910681694e-09
"PLK2" 12.5415599504175 1.52892231230769 0.446290784020993 3.42584334485332 0.000612893761188594 0.00775130345032633
"EPHX1" 399.498893536849 1.38297049975329 0.0957106830679143 14.4494893926519 2.52551138742522e-47 2.71492474148211e-44
"NCAPG2" 19.6993779428718 -1.00862364114265 0.341723006316034 -2.95158248786402 0.00316150090047266 0.027900829931661
"COQ10B" 13.900096896162 1.19843532791959 0.412242209633288 2.90711455526513 0.00364779585050402 0.0309990556465756
"AP001816.1" 41.0960430385463 1.24991275239399 0.250258904903621 4.99447862954308 5.89949234052271e-07 2.0568500322363e-05
"MARVELD1" 12.8281390081305 -1.40252962363042 0.436464624811944 -3.21338670742151 0.00131179538650641 0.0140524525944893
"UBE2T" 58.4823540871477 -1.01310088576487 0.206676222597958 -4.90187440543479 9.4926521595744e-07 3.17241484089403e-05
"CLU" 23.0836652038559 2.21248031046933 0.3681389384861 6.00990571540117 1.85631252350085e-09 1.23435214191551e-07
"MELK" 18.4416548413692 -1.31654204708753 0.361544176374656 -3.64144171893186 0.000271115505594803 0.00386879427231522
"DNAJC4" 12.9442068431308 -1.71774099041089 0.451909563539638 -3.80107244678884 0.000144071167117936 0.0022664854339285
"NUP93" 54.0669035412535 -1.38549639769339 0.221326000778047 -6.2599802681241 3.8502618666527e-10 2.75935433776777e-08
"MCM3" 30.5290808627242 -1.21765414757397 0.283026535270271 -4.30226143428987 1.69063661295532e-05 0.000368398856539251
"CMAS" 27.1515205155312 -1.51403502549359 0.309556617124004 -4.89097936125554 1.00335486004579e-06 3.33589631303882e-05
"PABPC4" 53.1452158318893 -1.98954418054885 0.233781180020188 -8.51028376354782 1.73508199344094e-17 2.9450733836037e-15
"CDCA8" 13.4602811582239 -1.29327129655083 0.420261794633681 -3.07729922887258 0.00208885499204773 0.0204092991414049
"MCM10" 9.21232813046546 -1.61906942521061 0.526199146804236 -3.07691381683854 0.00209155763294087 0.0204092991414049
"EPHA7" 14.3342730608639 -1.23342522844056 0.406950015239793 -3.0309010498839 0.00243825138970066 0.0227923499472018
"REEP4" 28.6279979706507 -1.7923200437052 0.306947616582728 -5.83917237624856 5.24607699419355e-09 3.07610878295894e-07
"CDCA3" 27.1464922248195 -1.80565473382085 0.318161456741329 -5.67527805635136 1.38463559767978e-08 7.14471968402769e-07
"PKP4" 14.831640135086 -1.18609797299108 0.398338128991862 -2.97761596659835 0.00290499724284241 0.0261328203854024
"DEPDC1" 12.1892650402799 -2.4489993597057 0.51063407612423 -4.7959967307585 1.6186791981397e-06 5.01946193653898e-05
"RFWD3" 8.8426227432316 -1.5391386303899 0.53063833317951 -2.90054173276099 0.00372518230084177 0.0315320549087
"ADAMTS1" 16.5668671155671 -1.3573666736976 0.404570161769618 -3.35508349839835 0.000793410324693644 0.00938990200784221
"AR" 31.4206049103049 -1.11155899068194 0.277813435399912 -4.0010987556518 6.30490356192262e-05 0.00112962855484447
"CUTA" 83.4678425644685 -1.07323270743225 0.199044331398016 -5.39192801871948 6.9705692038916e-08 3.14406792762943e-06
